cov	cov	cov	env	indid	cov
10	10	10	10	04D01800	10
0	0	0	0	04D01801	0
0	0	0	0	04D01803	0
0	0	0	0	04D01811	0
0	0	0	0	04D01814	0
0	0	0	0	04D01830	0
0	0	0	0	04D01832	0
0	0	0	2	04D01841	0
0	0	0	1	04D01850	0
0	0	0	0	04D01852	0
0	0	0	0	04D01853	0
0	0	0	0	04D01862	0
0	0	0	0	04D01875	0
0	0	0	0	04D01879	0
0	0	0	0	04D01886	0
0	0	0	2	04D01891	0
0	0	0	0	04D01899	0
0	0	0	1	04D01900	0
0	0	0	0	04D01901	0
0	0	0	0	04D01902	0
0	0	0	0	04D01906	0
0	0	0	0	04D01918	0
0	0	0	0	04D02007	0
0	0	0	0	04D02096	0
0	0	0	0	04D02105	0
0	0	0	0	04D02112	0
0	0	0	0	04D02124	0
0	0	0	0	04D02130	0
0	0	0	1	04D02138	0
0	0	0	0	04D02145	0
0	0	0	0	04D02224	0
0	0	0	0	04D02234	0
0	0	0	NA	04D02236	0
0	0	0	0	04D02250	0
0	0	0	0	04D02251	0
0	0	0	0	04D02275	0
0	0	0	0	04D02311	0
0	0	0	0	04D02313	0
0	0	0	0	04D02314	0
0	0	0	0	04D02317	0
0	0	0	0	04D02331	0
0	0	0	0	04D02335	0
0	0	0	0	04D02347	0
0	0	0	0	04D02349	0
0	0	0	0	04D02424	0
0	0	0	0	04D02428	0
0	0	0	0	04D02431	0
0	0	0	1	04D02434	0
0	0	0	0	04D02435	0
0	0	0	0	04D02444	0
0	0	0	0	04D02503	0
0	0	0	0	04D02504	0
0	0	0	0	04D02518	0
0	0	0	0	04D02525	0
0	0	0	0	04D02526	0
0	0	0	0	04D02538	0
0	0	0	0	04D02540	0
0	0	0	0	04D02547	0
0	0	0	0	04D02575	0
0	0	0	1	04D02597	0
0	0	0	0	04D02598	0
0	0	0	0	05D00002	0
0	0	0	0	05D00003	0
0	0	0	0	05D00004	0
0	0	0	1	05D00019	0
0	0	0	NA	05D00023	0
0	0	0	0	05D00024	0
0	0	0	0	05D00045	0
0	0	0	0	05D00051	0
0	0	0	0	05D00060	0
0	0	0	0	05D00064	0
0	0	0	0	05D00066	0
0	0	0	0	05D00080	0
0	0	0	1	05D00110	0
0	0	0	0	05D00116	0
0	0	0	0	05D00119	0
0	0	0	0	05D00133	0
0	0	0	1	05D00270	0
0	0	0	0	05D00272	0
0	0	0	0	05D00285	0
0	0	0	0	05D00286	0
0	0	0	0	05D00290	0
0	0	0	1	05D00297	0
0	0	0	0	05D00298	0
0	0	0	0	05D00322	0
0	0	0	0	05D00336	0
0	0	0	0	05D00340	0
0	0	0	0	05D00345	0
0	0	0	1	05D00363	0
0	0	0	0	05D00364	0
0	0	0	0	05D00366	0
0	0	0	0	05D00372	0
0	0	0	0	05D00374	0
0	0	0	0	05D00375	0
0	0	0	0	05D00389	0
0	0	0	0	05D00392	0
0	0	0	0	05D00395	0
0	0	0	1	05D00412	0
0	0	0	0	05D00413	0
0	0	0	0	05D00422	0
0	0	0	0	05D00425	0
0	0	0	0	05D00430	0
0	0	0	0	05D00451	0
0	0	0	0	05D00462	0
0	0	0	0	05D00473	0
0	0	0	0	05D00474	0
0	0	0	0	05D00475	0
0	0	0	1	05D00476	0
0	0	0	0	05D00477	0
0	0	0	0	05D00490	0
0	0	0	0	05D00491	0
0	0	0	0	05D00498	0
0	0	0	0	05D00501	0
0	0	0	0	05D00502	0
0	0	0	0	05D00503	0
0	0	0	1	05D00504	0
0	0	0	0	05D00518	0
0	0	0	0	05D00522	0
0	0	0	0	05D00523	0
0	0	0	0	05D00524	0
0	0	0	0	05D00525	0
0	0	0	0	05D00529	0
0	0	0	1	05D00533	0
0	0	0	0	05D00534	0
0	0	0	0	05D00535	0
0	0	0	0	05D00536	0
0	0	0	0	05D00544	0
0	0	0	0	05D00548	0
0	0	0	0	05D00550	0
0	0	0	0	05D00551	0
0	0	0	0	05D00552	0
0	0	0	0	05D00557	0
0	0	0	0	05D00558	0
0	0	0	0	05D00573	0
0	0	0	1	05D00574	0
0	0	0	0	05D00920	0
0	0	0	0	05D00921	0
0	0	0	1	05D00922	0
0	0	0	0	05D00923	0
0	0	0	0	05D00924	0
0	0	0	0	05D00928	0
0	0	0	0	05D00940	0
0	0	0	0	05D00942	0
0	0	0	0	05D00943	0
0	0	0	0	05D00963	0
0	0	0	0	05D00964	0
0	0	0	1	05D00970	0
0	0	0	0	05D00972	0
0	0	0	0	05D00973	0
0	0	0	0	05D00974	0
0	0	0	0	05D00985	0
0	0	0	0	05D00988	0
0	0	0	0	05D00990	0
0	0	0	0	05D00994	0
0	0	0	1	05D01014	0
0	0	0	0	05D01020	0
0	0	0	0	05D01021	0
0	0	0	0	05D01023	0
0	0	0	0	05D01026	0
0	0	0	1	05D01038	0
0	0	0	0	05D01075	0
0	0	0	1	05D01078	0
0	0	0	0	05D01088	0
0	0	0	0	05D01090	0
0	0	0	0	05D01100	0
0	0	0	2	05D01101	0
0	0	0	0	05D01102	0
0	0	0	0	05D01103	0
0	0	0	0	05D01104	0
0	0	0	0	05D01105	0
0	0	0	0	05D01106	0
0	0	0	NA	05D01107	0
0	0	0	0	05D01109	0
0	0	0	1	05D01110	0
0	0	0	0	05D01111	0
0	0	0	1	05D01118	0
0	0	0	0	05D01119	0
0	0	0	0	05D01132	0
0	0	0	0	05D01133	0
0	0	0	0	05D01134	0
0	0	0	0	05D01135	0
0	0	0	0	05D01136	0
0	0	0	0	05D01137	0
0	0	0	0	05D01138	0
0	0	0	0	05D01139	0
0	0	0	0	05D01148	0
0	0	0	0	05D01152	0
0	0	0	0	05D01169	0
0	0	0	0	05D01170	0
0	0	0	0	05D01171	0
0	0	0	0	05D01172	0
0	0	0	0	05D01173	0
0	0	0	0	05D01175	0
0	0	0	0	05D01178	0
0	0	0	0	05D01179	0
0	0	0	1	05D01181	0
0	0	0	0	05D01182	0
0	0	0	1	05D01202	0
0	0	0	0	05D01203	0
0	0	0	0	05D01204	0
0	0	0	0	05D01214	0
0	0	0	0	05D01215	0
0	0	0	0	05D01216	0
0	0	0	0	05D01217	0
0	0	0	1	05D01219	0
0	0	0	0	05D01222	0
0	0	0	0	05D01228	0
0	0	0	0	05D01229	0
0	0	0	0	05D01233	0
0	0	0	0	05D01235	0
0	0	0	0	05D01236	0
0	0	0	0	05D01240	0
0	0	0	0	05D01241	0
0	0	0	1	05D01254	0
0	0	0	0	05D01255	0
0	0	0	0	05D01257	0
0	0	0	0	05D01258	0
0	0	0	0	05D01265	0
0	0	0	0	05D01266	0
0	0	0	0	05D01282	0
0	0	0	0	05D01283	0
0	0	0	0	05D01284	0
0	0	0	0	05D01399	0
0	0	0	0	05D01400	0
0	0	0	0	05D01402	0
0	0	0	0	05D01403	0
0	0	0	0	05D01404	0
0	0	0	0	05D01406	0
0	0	0	0	05D01407	0
0	0	0	0	05D01419	0
0	0	0	0	05D01420	0
0	0	0	0	05D01429	0
0	0	0	0	05D01430	0
0	0	0	0	05D01434	0
0	0	0	0	05D01435	0
0	0	0	0	05D01446	0
0	0	0	0	05D01448	0
0	0	0	0	05D01450	0
0	0	0	1	05D01451	0
0	0	0	0	05D01452	0
0	0	0	0	05D01455	0
0	0	0	0	05D01456	0
0	0	0	0	05D01458	0
0	0	0	0	05D01459	0
0	0	0	0	05D01461	0
0	0	0	0	05D01464	0
0	0	0	0	05D01465	0
0	0	0	1	05D01480	0
0	0	0	0	05D01481	0
0	0	0	0	05D01482	0
0	0	0	0	05D01483	0
0	0	0	0	05D01487	0
0	0	0	0	05D01491	0
0	0	0	1	05D01492	0
0	0	0	0	05D01495	0
0	0	0	0	05D01497	0
0	0	0	0	05D01502	0
0	0	0	0	05D01503	0
0	0	0	0	05D01506	0
0	0	0	0	05D01510	0
0	0	0	0	05D01514	0
0	0	0	0	05D01515	0
0	0	0	0	05D01518	0
0	0	0	0	05D01519	0
0	0	0	0	05D01526	0
0	0	0	0	05D01527	0
0	0	0	0	05D01529	0
0	0	0	0	05D01550	0
0	0	0	0	05D01551	0
0	0	0	1	05D01556	0
0	0	0	0	05D01560	0
0	0	0	0	05D01561	0
0	0	0	1	05D01563	0
0	0	0	0	05D01566	0
0	0	0	0	05D01569	0
0	0	0	0	05D01570	0
0	0	0	0	05D01587	0
0	0	0	0	05D01601	0
0	0	0	0	05D01615	0
0	0	0	0	05D01618	0
0	0	0	0	05D02045	0
0	0	0	0	05D02046	0
0	0	0	0	05D02048	0
0	0	0	0	05D02051	0
0	0	0	0	05D02058	0
0	0	0	1	05D02060	0
0	0	0	0	05D02061	0
0	0	0	0	05D02065	0
0	0	0	0	05D02088	0
0	0	0	0	05D02089	0
0	0	0	0	05D02090	0
0	0	0	0	05D02096	0
0	0	0	0	05D02099	0
0	0	0	0	05D02100	0
0	0	0	0	05D02109	0
0	0	0	0	05D02111	0
0	0	0	0	05D02112	0
0	0	0	0	05D02113	0
0	0	0	0	05D02115	0
0	0	0	2	05D02121	0
0	0	0	0	05D02124	0
0	0	0	0	05D02128	0
0	0	0	0	05D02129	0
0	0	0	0	05D02130	0
0	0	0	NA	05D02132	0
0	0	0	0	05D02133	0
0	0	0	0	05D02149	0
0	0	0	0	05D02154	0
0	0	0	0	05D02155	0
0	0	0	0	05D02166	0
0	0	0	0	05D02167	0
0	0	0	0	05D02168	0
0	0	0	0	05D02169	0
0	0	0	1	05D02172	0
0	0	0	0	05D02174	0
0	0	0	0	05D02175	0
0	0	0	0	05D02185	0
0	0	0	0	05D02193	0
0	0	0	0	05D02194	0
0	0	0	NA	05D02195	0
0	0	0	0	05D02197	0
0	0	0	0	05D02232	0
0	0	0	0	05D02233	0
0	0	0	0	05D02234	0
0	0	0	0	05D02235	0
0	0	0	0	05D02236	0
0	0	0	0	05D02237	0
0	0	0	0	05D02238	0
0	0	0	0	05D02239	0
0	0	0	0	05D02244	0
0	0	0	0	05D02246	0
0	0	0	0	05D02263	0
0	0	0	0	05D02264	0
0	0	0	0	05D02270	0
0	0	0	1	05D02271	0
0	0	0	1	05D02272	0
0	0	0	NA	05D02273	0
0	0	0	0	05D02276	0
0	0	0	0	05D02277	0
0	0	0	0	05D02285	0
0	0	0	0	05D02288	0
0	0	0	0	05D02289	0
0	0	0	0	05D02290	0
0	0	0	0	05D02295	0
0	0	0	0	05D02298	0
0	0	0	0	05D02304	0
0	0	0	0	05D02306	0
0	0	0	1	05D02312	0
0	0	0	0	05D02315	0
0	0	0	1	05D02319	0
0	0	0	0	05D02320	0
0	0	0	0	05D02321	0
0	0	0	0	05D02322	0
0	0	0	0	05D02325	0
0	0	0	0	05D02326	0
0	0	0	0	05D02327	0
0	0	0	0	05D02329	0
0	0	0	0	05D02330	0
0	0	0	0	05D02332	0
0	0	0	0	05D02333	0
0	0	0	0	05D02335	0
0	0	0	0	05D02400	0
0	0	0	0	05D02405	0
0	0	0	0	05D02413	0
0	0	0	0	05D02414	0
0	0	0	0	05D02416	0
0	0	0	0	05D02417	0
0	0	0	0	05D02425	0
0	0	0	0	05D02426	0
0	0	0	0	05D02427	0
0	0	0	0	05D02428	0
0	0	0	0	05D02429	0
0	0	0	0	05D02440	0
0	0	0	1	05D02441	0
0	0	0	0	05D02443	0
0	0	0	0	05D02444	0
0	0	0	0	05D02450	0
0	0	0	0	05D02451	0
0	0	0	2	05D02453	0
0	0	0	0	05D02456	0
0	0	0	0	05D02466	0
0	0	0	0	05D02467	0
0	0	0	0	05D02480	0
0	0	0	0	05D02481	0
0	0	0	0	05D02482	0
0	0	0	0	05D02483	0
0	0	0	0	05D02486	0
0	0	0	0	05D02614	0
0	0	0	0	05D02615	0
0	0	0	0	05D02616	0
0	0	0	0	05D02629	0
0	0	0	0	05D02630	0
0	0	0	0	05D02632	0
0	0	0	0	05D02634	0
0	0	0	0	05D02635	0
0	0	0	0	05D02644	0
0	0	0	1	05D02646	0
0	0	0	NA	05D02653	0
0	0	0	0	05D02654	0
0	0	0	0	05D02655	0
0	0	0	1	05D02656	0
0	0	0	0	05D02675	0
0	0	0	1	05D02679	0
0	0	0	0	05D02681	0
0	0	0	0	05D02683	0
0	0	0	0	05D02695	0
0	0	0	0	05D02702	0
0	0	0	0	05D02704	0
0	0	0	0	05D02706	0
0	0	0	0	05D02707	0
0	0	0	0	05D02708	0
0	0	0	1	05D02709	0
0	0	0	0	05D02711	0
0	0	0	0	05D02714	0
0	0	0	0	05D02715	0
0	0	0	0	05D02716	0
0	0	0	0	05D02725	0
0	0	0	0	05D02726	0
0	0	0	0	05D02729	0
0	0	0	0	05D02741	0
0	0	0	0	05D02742	0
0	0	0	0	05D02744	0
0	0	0	0	05D02745	0
0	0	0	0	05D02748	0
0	0	0	0	05D02750	0
0	0	0	0	05D02751	0
0	0	0	0	05D02752	0
0	0	0	0	05D02754	0
0	0	0	1	05D02758	0
0	0	0	0	05D02759	0
0	0	0	0	05D02765	0
0	0	0	0	05D02766	0
0	0	0	0	05D02768	0
0	0	0	0	05D02778	0
0	0	0	0	05D02779	0
0	0	0	0	05D02780	0
0	0	0	0	05D02781	0
0	0	0	0	05D02782	0
0	0	0	0	05D02783	0
0	0	0	1	05D02785	0
0	0	0	1	05D02786	0
0	0	0	0	05D02791	0
0	0	0	0	05D02792	0
0	0	0	0	05D02794	0
0	0	0	0	05D02799	0
0	0	0	1	05D02928	0
0	0	0	0	05D02929	0
0	0	0	0	05D02930	0
0	0	0	1	05D02935	0
0	0	0	0	05D02938	0
0	0	0	0	05D02939	0
0	0	0	0	05D02940	0
0	0	0	0	05D02941	0
0	0	0	0	05D02942	0
0	0	0	0	05D02943	0
0	0	0	1	05D02949	0
0	0	0	0	05D02953	0
0	0	0	0	05D02954	0
0	0	0	0	05D02955	0
0	0	0	1	05D02958	0
0	0	0	0	05D02970	0
0	0	0	0	05D02971	0
0	0	0	0	05D02973	0
0	0	0	0	05D02980	0
0	0	0	0	05D02981	0
0	0	0	0	05D02984	0
0	0	0	0	05D02985	0
0	0	0	0	05D02987	0
0	0	0	0	05D02988	0
0	0	0	0	05D02989	0
0	0	0	1	05D02990	0
0	0	0	0	05D03007	0
0	0	0	0	05D03008	0
0	0	0	1	05D03009	0
0	0	0	0	05D03010	0
0	0	0	0	05D03011	0
0	0	0	0	05D03013	0
0	0	0	0	05D03015	0
0	0	0	0	05D03016	0
0	0	0	0	05D03017	0
0	0	0	0	05D03024	0
0	0	0	0	05D03025	0
0	0	0	0	05D03026	0
0	0	0	0	05D03027	0
0	0	0	0	05D03029	0
0	0	0	0	05D03033	0
0	0	0	0	05D03041	0
0	0	0	1	05D03042	0
0	0	0	0	05D03043	0
0	0	0	0	05D03049	0
0	0	0	0	05D03052	0
0	0	0	0	05D03144	0
0	0	0	0	05D03147	0
0	0	0	0	05D03148	0
0	0	0	0	05D03152	0
0	0	0	0	05D03153	0
0	0	0	1	05D03161	0
0	0	0	0	05D03162	0
0	0	0	0	05D03163	0
0	0	0	0	05D03164	0
0	0	0	0	05D03165	0
0	0	0	0	05D03168	0
0	0	0	0	05D03171	0
0	0	0	0	05D03176	0
0	0	0	0	05D03177	0
0	0	0	0	05D03178	0
0	0	0	0	05D03180	0
0	0	0	0	05D03181	0
0	0	0	1	05D03182	0
0	0	0	0	05D03187	0
0	0	0	0	05D03188	0
0	0	0	0	05D03189	0
0	0	0	0	05D03190	0
0	0	0	0	05D03192	0
0	0	0	0	05D03193	0
0	0	0	0	05D03194	0
0	0	0	0	05D03200	0
0	0	0	1	05D03201	0
0	0	0	0	05D03202	0
0	0	0	0	05D03204	0
0	0	0	0	05D03205	0
0	0	0	1	05D03209	0
0	0	0	0	05D03215	0
0	0	0	0	05D03216	0
0	0	0	0	05D03217	0
0	0	0	0	05D03223	0
0	0	0	0	05D03224	0
0	0	0	1	05D03225	0
0	0	0	0	05D03226	0
0	0	0	0	05D03227	0
0	0	0	0	05D03243	0
0	0	0	1	05D03244	0
0	0	0	0	05D03245	0
0	0	0	0	05D03252	0
0	0	0	0	05D03253	0
0	0	0	0	05D03254	0
0	0	0	0	05D03255	0
0	0	0	0	05D03257	0
0	0	0	0	05D03259	0
0	0	0	0	05D03267	0
0	0	0	0	05D03268	0
0	0	0	0	05D03330	0
0	0	0	0	05D03337	0
0	0	0	0	05D03338	0
0	0	0	0	05D03340	0
0	0	0	0	05D03342	0
0	0	0	0	05D03345	0
0	0	0	0	05D03348	0
0	0	0	0	05D03351	0
0	0	0	0	05D03352	0
0	0	0	0	05D03354	0
0	0	0	0	05D03357	0
0	0	0	0	05D03370	0
0	0	0	0	05D03371	0
0	0	0	0	05D03373	0
0	0	0	0	05D03382	0
0	0	0	0	05D03386	0
0	0	0	1	05D03397	0
0	0	0	0	05D03398	0
0	0	0	1	05D03399	0
0	0	0	0	05D03400	0
0	0	0	1	05D03402	0
0	0	0	0	05D03403	0
0	0	0	0	05D03405	0
0	0	0	1	05D03406	0
0	0	0	0	05D03408	0
0	0	0	0	05D03413	0
0	0	0	0	05D03415	0
0	0	0	0	05D03416	0
0	0	0	0	05D03417	0
0	0	0	1	05D03418	0
0	0	0	0	05D03421	0
0	0	0	0	05D03422	0
0	0	0	0	05D03428	0
0	0	0	0	05D03430	0
0	0	0	0	05D03431	0
0	0	0	0	05D03440	0
0	0	0	0	05D03441	0
0	0	0	0	05D03442	0
0	0	0	0	05D03444	0
0	0	0	0	05D03457	0
0	0	0	0	05D03458	0
0	0	0	0	05D03459	0
0	0	0	0	05D03460	0
0	0	0	0	05D03461	0
0	0	0	0	05D03463	0
0	0	0	0	05D03464	0
0	0	0	0	05D03465	0
0	0	0	0	05D03466	0
0	0	0	0	05D03471	0
0	0	0	0	05D03472	0
0	0	0	0	05D03473	0
0	0	0	1	05D03474	0
0	0	0	0	05D03478	0
0	0	0	0	05D03483	0
0	0	0	0	05D03488	0
0	0	0	0	05D03489	0
0	0	0	0	05D03490	0
0	0	0	0	05D03492	0
0	0	0	0	05D03493	0
0	0	0	0	05D03494	0
0	0	0	1	05D03496	0
0	0	0	0	05D03497	0
0	0	0	0	05D03498	0
0	0	0	0	05D03504	0
0	0	0	0	05D03505	0
0	0	0	0	05D03506	0
0	0	0	0	05D03512	0
0	0	0	0	05D03513	0
0	0	0	0	05D03527	0
0	0	0	0	05D03528	0
0	0	0	0	05D03530	0
0	0	0	0	05D03531	0
0	0	0	0	05D03533	0
0	0	0	0	05D03537	0
0	0	0	0	05D03541	0
0	0	0	0	05D03545	0
0	0	0	0	05D03547	0
0	0	0	0	05D03548	0
0	0	0	0	05D03553	0
0	0	0	NA	05D04310	0
0	0	0	0	05D04314	0
0	0	0	0	05D04319	0
0	0	0	0	05D04320	0
0	0	0	0	05D04324	0
0	0	0	0	05D04325	0
0	0	0	0	05D04326	0
0	0	0	0	05D04345	0
0	0	0	0	05D04351	0
0	0	0	0	05D04353	0
0	0	0	0	05D04354	0
0	0	0	0	05D04355	0
0	0	0	0	05D04357	0
0	0	0	0	05D04358	0
0	0	0	0	05D04370	0
0	0	0	0	05D04372	0
0	0	0	1	05D04373	0
0	0	0	1	05D04378	0
0	0	0	0	05D04379	0
0	0	0	0	05D04380	0
0	0	0	0	05D04385	0
0	0	0	0	05D04765	0
0	0	0	1	05D04769	0
0	0	0	0	05D04771	0
0	0	0	0	05D04772	0
0	0	0	0	05D04783	0
0	0	0	0	05D04784	0
0	0	0	0	05D04786	0
0	0	0	1	05D04791	0
0	0	0	0	05D04792	0
0	0	0	0	05D04794	0
0	0	0	0	05D04796	0
0	0	0	0	05D04797	0
0	0	0	1	05D04798	0
0	0	0	0	05D04822	0
0	0	0	0	05D04824	0
0	0	0	0	05D04827	0
0	0	0	0	05D04830	0
0	0	0	1	05D04840	0
0	0	0	0	05D04841	0
0	0	0	0	05D04843	0
0	0	0	0	05D04849	0
0	0	0	0	05D04859	0
0	0	0	0	05D04865	0
0	0	0	0	05D04868	0
0	0	0	0	05D04869	0
0	0	0	0	05D04870	0
0	0	0	0	05D04889	0
0	0	0	0	05D04893	0
0	0	0	0	05D04894	0
0	0	0	0	05D04895	0
0	0	0	0	05D04896	0
0	0	0	0	05D04902	0
0	0	0	0	05D04912	0
0	0	0	0	05D04914	0
0	0	0	0	05D04916	0
0	0	0	1	05D04917	0
0	0	0	0	05D04921	0
0	0	0	0	05D04923	0
0	0	0	0	05D04930	0
0	0	0	0	05D04933	0
0	0	0	0	05D05291	0
0	0	0	1	05D05292	0
0	0	0	0	05D05293	0
0	0	0	1	05D05294	0
0	0	0	0	05D05295	0
0	0	0	0	05D05297	0
0	0	0	0	05D05298	0
0	0	0	0	05D05301	0
0	0	0	0	05D05304	0
0	0	0	0	05D05318	0
0	0	0	0	05D05327	0
0	0	0	0	05D05331	0
0	0	0	0	05D05332	0
0	0	0	0	05D05333	0
0	0	0	0	05D05351	0
0	0	0	0	05D05355	0
0	0	0	1	05D05357	0
0	0	0	0	05D05358	0
0	0	0	0	05D05361	0
0	0	0	1	05D05371	0
0	0	0	0	05D05373	0
0	0	0	0	05D05374	0
0	0	0	0	05D05375	0
0	0	0	0	05D05376	0
0	0	0	0	05D05393	0
0	0	0	0	05D05397	0
0	0	0	0	05D05412	0
0	0	0	0	05D05414	0
0	0	0	0	05D05415	0
0	0	0	0	05D05416	0
0	0	0	0	05D05417	0
0	0	0	0	05D05418	0
0	0	0	0	05D05419	0
0	0	0	0	05D05420	0
0	0	0	0	05D05423	0
0	0	0	1	05D05432	0
0	0	0	0	05D05433	0
0	0	0	0	05D05435	0
0	0	0	0	05D05444	0
0	0	0	0	05D05445	0
0	0	0	1	05D05446	0
0	0	0	0	05D05447	0
0	0	0	0	05D05448	0
0	0	0	0	05D05449	0
0	0	0	0	05D05452	0
0	0	0	0	05D05454	0
0	0	0	0	05D10200	0
0	0	0	0	06D00001	0
0	0	0	0	06D00002	0
0	0	0	0	06D00003	0
0	0	0	0	06D00019	0
0	0	0	0	06D00020	0
0	0	0	0	06D00021	0
0	0	0	0	06D00022	0
0	0	0	0	06D00032	0
0	0	0	1	06D00033	0
0	0	0	0	06D00034	0
0	0	0	0	06D00035	0
0	0	0	0	06D00036	0
0	0	0	0	06D00037	0
0	0	0	0	06D00040	0
0	0	0	0	06D00050	0
0	0	0	0	06D00051	0
0	0	0	0	06D00052	0
0	0	0	0	06D00053	0
0	0	0	0	06D00054	0
0	0	0	0	06D00061	0
0	0	0	0	06D00064	0
0	0	0	0	06D00068	0
0	0	0	0	06D00069	0
0	0	0	0	06D00075	0
0	0	0	0	06D00076	0
0	0	0	0	06D00083	0
0	0	0	0	06D00084	0
0	0	0	1	06D00085	0
0	0	0	0	06D00087	0
0	0	0	0	06D00088	0
0	0	0	0	06D00089	0
0	0	0	0	06D00090	0
0	0	0	0	06D00091	0
0	0	0	1	06D00147	0
0	0	0	0	06D00148	0
0	0	0	0	06D00151	0
0	0	0	0	06D00152	0
0	0	0	0	06D00160	0
0	0	0	0	06D00161	0
0	0	0	0	06D00165	0
0	0	0	0	06D00166	0
0	0	0	0	06D00169	0
0	0	0	0	06D00170	0
0	0	0	0	06D00171	0
0	0	0	1	06D00172	0
0	0	0	0	06D00247	0
0	0	0	0	06D00248	0
0	0	0	0	06D00250	0
0	0	0	0	06D00251	0
0	0	0	1	06D00253	0
0	0	0	0	06D00256	0
0	0	0	1	06D00259	0
0	0	0	0	06D00260	0
0	0	0	0	06D00261	0
0	0	0	0	06D00264	0
0	0	0	0	06D00265	0
0	0	0	0	06D00266	0
0	0	0	NA	06D00279	0
0	0	0	1	06D00280	0
0	0	0	0	06D00286	0
0	0	0	0	06D00287	0
0	0	0	0	06D00295	0
0	0	0	0	06D00303	0
0	0	0	0	06D00304	0
0	0	0	0	06D00305	0
0	0	0	0	06D00308	0
0	0	0	0	06D00309	0
0	0	0	0	06D00310	0
0	0	0	0	06D00311	0
0	0	0	0	06D00312	0
0	0	0	0	06D00313	0
0	0	0	0	06D00316	0
0	0	0	0	06D00318	0
0	0	0	0	06D00327	0
0	0	0	0	06D00328	0
0	0	0	0	06D00334	0
0	0	0	0	06D00335	0
0	0	0	0	06D00337	0
0	0	0	0	06D00340	0
0	0	0	0	06D00341	0
0	0	0	0	06D00343	0
0	0	0	0	06D00357	0
0	0	0	0	06D00358	0
0	0	0	0	06D00359	0
0	0	0	0	06D00360	0
0	0	0	1	06D00364	0
0	0	0	0	06D00365	0
0	0	0	0	06D00366	0
0	0	0	0	06D00367	0
0	0	0	0	06D00368	0
0	0	0	0	06D00379	0
0	0	0	0	06D00387	0
0	0	0	0	06D00388	0
0	0	0	1	06D00389	0
0	0	0	0	06D00390	0
0	0	0	0	06D00391	0
0	0	0	0	06D00394	0
0	0	0	0	06D00395	0
0	0	0	0	06D00398	0
0	0	0	0	06D00399	0
0	0	0	0	06D00402	0
0	0	0	0	06D00406	0
0	0	0	0	06D00407	0
0	0	0	0	06D00409	0
0	0	0	0	06D00415	0
0	0	0	0	06D00417	0
0	0	0	0	06D00419	0
0	0	0	0	06D00420	0
0	0	0	1	06D00421	0
0	0	0	0	06D00423	0
0	0	0	0	06D00424	0
0	0	0	0	06D00430	0
0	0	0	0	06D00431	0
0	0	0	0	06D00432	0
0	0	0	0	06D00433	0
0	0	0	0	06D01063	0
0	0	0	0	06D01071	0
0	0	0	0	06D01072	0
0	0	0	0	06D01078	0
0	0	0	0	06D01079	0
0	0	0	0	06D01080	0
0	0	0	0	06D01081	0
0	0	0	0	06D01085	0
0	0	0	0	06D01086	0
0	0	0	1	06D01087	0
0	0	0	1	06D01088	0
0	0	0	0	06D01089	0
0	0	0	NA	06D01092	0
0	0	0	0	06D01093	0
0	0	0	0	06D01094	0
0	0	0	0	06D01095	0
0	0	0	0	06D01109	0
0	0	0	0	06D01112	0
0	0	0	0	06D01115	0
0	0	0	0	06D01120	0
0	0	0	0	06D01132	0
0	0	0	0	06D01133	0
0	0	0	0	06D01135	0
0	0	0	0	06D01146	0
0	0	0	0	06D01147	0
0	0	0	0	06D01148	0
0	0	0	0	06D01149	0
0	0	0	0	06D01153	0
0	0	0	1	06D01155	0
0	0	0	0	06D01163	0
0	0	0	0	06D01167	0
0	0	0	0	06D01168	0
0	0	0	0	06D01170	0
0	0	0	0	06D01172	0
0	0	0	0	06D01173	0
0	0	0	0	06D01176	0
0	0	0	0	06D01177	0
0	0	0	0	06D01178	0
0	0	0	0	06D01179	0
0	0	0	0	06D01180	0
0	0	0	0	06D01183	0
0	0	0	0	06D01184	0
0	0	0	0	06D01205	0
0	0	0	1	06D01207	0
0	0	0	0	06D01217	0
0	0	0	0	06D01218	0
0	0	0	1	06D01226	0
0	0	0	0	06D01228	0
0	0	0	0	06D01230	0
0	0	0	0	06D01231	0
0	0	0	0	06D01240	0
0	0	0	0	06D01241	0
0	0	0	0	06D01242	0
0	0	0	0	06D01244	0
0	0	0	0	06D01251	0
0	0	0	0	06D01504	0
0	0	0	0	06D01506	0
0	0	0	0	06D01514	0
0	0	0	0	06D01520	0
0	0	0	0	06D01521	0
0	0	0	0	06D01527	0
0	0	0	0	06D01531	0
0	0	0	0	06D01541	0
0	0	0	0	06D01542	0
0	0	0	0	06D01543	0
0	0	0	1	06D01550	0
0	0	0	0	06D01556	0
0	0	0	1	06D01557	0
0	0	0	0	06D01560	0
0	0	0	0	06D01577	0
0	0	0	0	06D01578	0
0	0	0	0	06D01579	0
0	0	0	0	06D01580	0
0	0	0	0	06D01586	0
0	0	0	0	06D01587	0
0	0	0	0	06D01588	0
0	0	0	0	06D01589	0
0	0	0	0	06D01590	0
0	0	0	0	06D01594	0
0	0	0	0	06D01595	0
0	0	0	0	06D01597	0
0	0	0	0	06D01599	0
0	0	0	1	06D01600	0
0	0	0	0	06D01601	0
0	0	0	0	06D01602	0
0	0	0	1	06D01607	0
0	0	0	0	06D01608	0
0	0	0	1	06D01609	0
0	0	0	0	06D01610	0
0	0	0	0	06D01611	0
0	0	0	0	06D01615	0
0	0	0	0	06D01617	0
0	0	0	0	06D01618	0
0	0	0	0	06D01619	0
0	0	0	0	06D01621	0
0	0	0	0	06D01626	0
0	0	0	0	06D01627	0
0	0	0	0	06D01629	0
0	0	0	0	06D01630	0
0	0	0	0	06D01653	0
0	0	0	0	06D01655	0
0	0	0	0	06D01658	0
0	0	0	0	06D01659	0
0	0	0	0	06D01671	0
0	0	0	0	06D01673	0
0	0	0	0	06D01674	0
0	0	0	0	06D01675	0
0	0	0	NA	06D01676	0
0	0	0	0	06D01677	0
0	0	0	0	06D01678	0
0	0	0	0	06D01679	0
0	0	0	0	06D01680	0
0	0	0	0	06D01681	0
0	0	0	0	06D01683	0
0	0	0	0	06D01688	0
0	0	0	0	06D01806	0
0	0	0	0	06D01809	0
0	0	0	1	06D01812	0
0	0	0	0	06D01813	0
0	0	0	0	06D01814	0
0	0	0	0	06D01819	0
0	0	0	0	06D01820	0
0	0	0	0	06D01825	0
0	0	0	0	06D01828	0
0	0	0	0	06D01838	0
0	0	0	0	06D01842	0
0	0	0	0	06D01844	0
0	0	0	0	06D01845	0
0	0	0	0	06D01847	0
0	0	0	0	06D01856	0
0	0	0	0	06D01858	0
0	0	0	0	06D01865	0
0	0	0	0	06D01867	0
0	0	0	0	06D01868	0
0	0	0	0	06D01879	0
0	0	0	0	06D01884	0
0	0	0	0	06D01885	0
0	0	0	1	06D01889	0
0	0	0	0	06D01890	0
0	0	0	0	06D01891	0
0	0	0	0	06D01892	0
0	0	0	0	06D01903	0
0	0	0	0	06D01904	0
0	0	0	0	06D01906	0
0	0	0	0	06D01907	0
0	0	0	0	06D01908	0
0	0	0	1	06D01912	0
0	0	0	0	06D01917	0
0	0	0	0	06D01919	0
0	0	0	0	06D01920	0
0	0	0	0	06D01927	0
0	0	0	0	06D01928	0
0	0	0	0	06D01929	0
0	0	0	0	06D01930	0
0	0	0	0	06D01931	0
0	0	0	0	06D01932	0
0	0	0	0	06D01935	0
0	0	0	0	06D01937	0
0	0	0	0	06D01939	0
0	0	0	0	06D01940	0
0	0	0	0	06D01947	0
0	0	0	1	06D01948	0
0	0	0	1	06D01950	0
0	0	0	0	06D01953	0
0	0	0	0	06D01955	0
0	0	0	0	06D01956	0
0	0	0	0	06D01960	0
0	0	0	0	06D01969	0
0	0	0	0	06D01970	0
0	0	0	0	06D01971	0
0	0	0	0	06D01972	0
0	0	0	0	06D01973	0
0	0	0	0	06D01975	0
0	0	0	0	06D01976	0
0	0	0	0	06D01980	0
0	0	0	0	06D01983	0
0	0	0	0	06D01985	0
0	0	0	0	06D01991	0
0	0	0	0	06D01992	0
0	0	0	0	06D01993	0
0	0	0	0	06D01994	0
0	0	0	1	06D02066	0
0	0	0	NA	06D02067	0
0	0	0	0	06D02069	0
0	0	0	0	06D02081	0
0	0	0	0	06D02082	0
0	0	0	0	06D02083	0
0	0	0	0	06D02085	0
0	0	0	0	06D02089	0
0	0	0	0	06D02090	0
0	0	0	0	06D02095	0
0	0	0	0	06D02098	0
0	0	0	0	06D02099	0
0	0	0	0	06D02100	0
0	0	0	0	06D02103	0
0	0	0	0	06D02104	0
0	0	0	0	06D02106	0
0	0	0	0	06D02107	0
0	0	0	0	06D02109	0
0	0	0	0	06D02110	0
0	0	0	0	06D02112	0
0	0	0	0	06D02114	0
0	0	0	0	06D02115	0
0	0	0	0	06D02116	0
0	0	0	0	06D02117	0
0	0	0	0	06D02126	0
0	0	0	0	06D02128	0
0	0	0	0	06D02129	0
0	0	0	0	06D02130	0
0	0	0	0	06D02131	0
0	0	0	0	06D02132	0
0	0	0	0	06D02134	0
0	0	0	0	06D02135	0
0	0	0	0	06D02137	0
0	0	0	0	06D02140	0
0	0	0	0	06D02141	0
0	0	0	1	06D02143	0
0	0	0	0	06D02147	0
0	0	0	0	06D02148	0
0	0	0	0	06D02149	0
0	0	0	0	06D02165	0
0	0	0	0	06D02166	0
0	0	0	0	06D02168	0
0	0	0	0	06D02169	0
0	0	0	0	06D02170	0
0	0	0	0	06D02174	0
0	0	0	0	06D02178	0
0	0	0	0	06D02179	0
0	0	0	1	06D02181	0
0	0	0	0	06D02182	0
0	0	0	0	06D02185	0
0	0	0	0	06D02191	0
0	0	0	0	06D02192	0
0	0	0	0	06D02196	0
0	0	0	0	06D02197	0
0	0	0	0	06D02198	0
0	0	0	0	06D02199	0
0	0	0	0	06D02200	0
0	0	0	0	06D02202	0
0	0	0	0	06D02204	0
0	0	0	0	06D02208	0
0	0	0	0	06D02209	0
0	0	0	0	06D02211	0
0	0	0	0	06D02227	0
0	0	0	0	06D02228	0
0	0	0	0	06D02229	0
0	0	0	0	06D02232	0
0	0	0	0	06D02235	0
0	0	0	0	06D02236	0
0	0	0	0	06D02241	0
0	0	0	0	06D02242	0
0	0	0	NA	06D02244	0
0	0	0	0	06D02245	0
0	0	0	0	06D02246	0
0	0	0	0	06D02247	0
0	0	0	0	06D02248	0
0	0	0	0	06D02251	0
0	0	0	0	06D02253	0
0	0	0	0	06D02254	0
0	0	0	0	06D02607	0
0	0	0	0	06D02610	0
0	0	0	0	06D02611	0
0	0	0	0	06D02612	0
0	0	0	0	06D02613	0
0	0	0	1	06D02614	0
0	0	0	0	06D02618	0
0	0	0	0	06D02622	0
0	0	0	0	06D02624	0
0	0	0	0	06D02626	0
0	0	0	0	06D02627	0
0	0	0	0	06D02631	0
0	0	0	0	06D02632	0
0	0	0	0	06D02633	0
0	0	0	0	06D02634	0
0	0	0	0	06D02635	0
0	0	0	0	06D02636	0
0	0	0	1	06D02637	0
0	0	0	0	06D02638	0
0	0	0	0	06D02639	0
0	0	0	0	06D02640	0
0	0	0	1	06D02642	0
0	0	0	0	06D02644	0
0	0	0	0	06D02647	0
0	0	0	0	06D02652	0
0	0	0	1	06D02653	0
0	0	0	0	06D02655	0
0	0	0	0	06D02657	0
0	0	0	0	06D02659	0
0	0	0	0	06D02663	0
0	0	0	NA	06D02673	0
0	0	0	0	06D02674	0
0	0	0	NA	06D02675	0
0	0	0	0	06D02676	0
0	0	0	0	06D02679	0
0	0	0	0	06D02685	0
0	0	0	0	06D02686	0
0	0	0	1	06D02690	0
0	0	0	0	06D02691	0
0	0	0	1	06D02692	0
0	0	0	0	06D02693	0
0	0	0	0	06D02695	0
0	0	0	0	06D02704	0
0	0	0	0	06D02705	0
0	0	0	0	06D02715	0
0	0	0	1	06D02716	0
0	0	0	0	06D02720	0
0	0	0	0	06D02721	0
0	0	0	0	06D02726	0
0	0	0	0	06D02727	0
0	0	0	0	06D02729	0
0	0	0	1	06D02730	0
0	0	0	0	06D02731	0
0	0	0	0	06D02734	0
0	0	0	1	06D02735	0
0	0	0	0	06D02736	0
0	0	0	0	06D02737	0
0	0	0	0	06D02738	0
0	0	0	0	06D02739	0
0	0	0	0	06D02744	0
0	0	0	0	06D02745	0
0	0	0	0	06D02746	0
0	0	0	0	06D02747	0
0	0	0	0	06D02749	0
0	0	0	1	06D02753	0
0	0	0	0	06D02754	0
0	0	0	1	06D02755	0
0	0	0	0	06D02756	0
0	0	0	1	06D02757	0
0	0	0	0	06D02758	0
0	0	0	0	06D02760	0
0	0	0	0	06D02761	0
0	0	0	0	06D02762	0
0	0	0	0	06D02763	0
0	0	0	0	06D02765	0
0	0	0	1	06D02766	0
0	0	0	0	06D02769	0
0	0	0	0	06D02770	0
0	0	0	0	06D02773	0
0	0	0	0	06D02775	0
0	0	0	0	06D02785	0
0	0	0	0	06D02789	0
0	0	0	0	06D03224	0
0	0	0	0	06D03225	0
0	0	0	0	06D03227	0
0	0	0	0	06D03229	0
0	0	0	0	06D03230	0
0	0	0	0	06D03231	0
0	0	0	0	06D03241	0
0	0	0	0	06D03250	0
0	0	0	0	06D03252	0
0	0	0	0	06D03253	0
0	0	0	0	06D03255	0
0	0	0	0	06D03257	0
0	0	0	1	06D03258	0
0	0	0	0	06D03262	0
0	0	0	1	06D03264	0
0	0	0	0	06D03265	0
0	0	0	0	06D03269	0
0	0	0	0	06D03270	0
0	0	0	0	06D03271	0
0	0	0	0	06D03272	0
0	0	0	0	06D03286	0
0	0	0	1	06D03293	0
0	0	0	0	06D03294	0
0	0	0	0	06D03296	0
0	0	0	0	06D03297	0
0	0	0	0	06D03298	0
0	0	0	0	06D03299	0
0	0	0	0	06D03300	0
0	0	0	0	06D03301	0
0	0	0	0	06D03303	0
0	0	0	0	06D03304	0
0	0	0	0	06D03306	0
0	0	0	0	06D03310	0
0	0	0	1	06D03313	0
0	0	0	1	06D03314	0
0	0	0	0	06D03317	0
0	0	0	1	06D03318	0
0	0	0	NA	06D03320	0
0	0	0	0	06D03324	0
0	0	0	0	06D03331	0
0	0	0	0	06D03332	0
0	0	0	0	06D03339	0
0	0	0	0	06D03343	0
0	0	0	0	06D03345	0
0	0	0	0	06D03346	0
0	0	0	0	06D03350	0
0	0	0	0	06D03351	0
0	0	0	0	06D03353	0
0	0	0	0	06D03358	0
0	0	0	0	06D03359	0
0	0	0	0	06D03375	0
0	0	0	0	06D03379	0
0	0	0	0	06D03380	0
0	0	0	0	06D03389	0
0	0	0	0	06D03391	0
0	0	0	0	06D03393	0
0	0	0	1	06D03395	0
0	0	0	0	06D03396	0
0	0	0	0	06D03399	0
0	0	0	0	06D03407	0
0	0	0	0	06D03409	0
0	0	0	0	06D03898	0
0	0	0	0	06D03899	0
0	0	0	0	06D03903	0
0	0	0	0	06D03904	0
0	0	0	0	06D03908	0
0	0	0	0	06D03909	0
0	0	0	0	06D03911	0
0	0	0	0	06D03913	0
0	0	0	1	06D03914	0
0	0	0	0	06D03915	0
0	0	0	0	06D03916	0
0	0	0	0	06D03932	0
0	0	0	0	06D03934	0
0	0	0	1	06D03935	0
0	0	0	0	06D03943	0
0	0	0	0	06D03944	0
0	0	0	0	06D03945	0
0	0	0	0	06D03946	0
0	0	0	0	06D03947	0
0	0	0	0	06D03948	0
0	0	0	0	06D03949	0
0	0	0	0	06D03950	0
0	0	0	0	06D03951	0
0	0	0	0	06D03952	0
0	0	0	2	06D03955	0
0	0	0	0	06D03956	0
0	0	0	0	06D03957	0
0	0	0	0	06D03958	0
0	0	0	0	06D03968	0
0	0	0	0	06D03969	0
0	0	0	0	06D03971	0
0	0	0	1	06D03973	0
0	0	0	0	06D03977	0
0	0	0	0	06D03978	0
0	0	0	0	06D03980	0
0	0	0	0	06D03981	0
0	0	0	0	06D03982	0
0	0	0	1	06D03988	0
0	0	0	0	06D04008	0
0	0	0	0	06D04009	0
0	0	0	0	06D04010	0
0	0	0	0	06D04026	0
0	0	0	0	06D04027	0
0	0	0	0	06D04028	0
0	0	0	1	06D04029	0
0	0	0	0	06D04031	0
0	0	0	0	06D04032	0
0	0	0	0	06D04036	0
0	0	0	0	06D04038	0
0	0	0	0	06D04040	0
0	0	0	0	06D04041	0
0	0	0	0	06D04055	0
0	0	0	0	06D04056	0
0	0	0	0	06D04058	0
0	0	0	0	06D04059	0
0	0	0	2	06D04060	0
0	0	0	NA	06D04062	0
0	0	0	0	06D04063	0
0	0	0	0	06D04064	0
0	0	0	0	06D04065	0
0	0	0	0	06D04073	0
0	0	0	0	06D04075	0
0	0	0	0	06D04076	0
0	0	0	1	06D04077	0
0	0	0	0	06D04078	0
0	0	0	1	06D04080	0
0	0	0	0	06D04081	0
0	0	0	0	06D04082	0
0	0	0	0	06D04171	0
0	0	0	0	06D04173	0
0	0	0	0	06D04174	0
0	0	0	0	06D04176	0
0	0	0	0	06D04177	0
0	0	0	0	06D04178	0
0	0	0	0	06D04180	0
0	0	0	0	06D04181	0
0	0	0	0	06D04182	0
0	0	0	0	06D04194	0
0	0	0	0	06D04195	0
0	0	0	1	06D04196	0
0	0	0	0	06D04197	0
0	0	0	0	06D04198	0
0	0	0	0	06D04199	0
0	0	0	0	06D04200	0
0	0	0	0	06D04202	0
0	0	0	0	06D04203	0
0	0	0	0	06D04204	0
0	0	0	0	06D04205	0
0	0	0	1	06D04206	0
0	0	0	0	06D04207	0
0	0	0	0	06D04208	0
0	0	0	0	06D04209	0
0	0	0	0	06D04211	0
0	0	0	0	06D04215	0
0	0	0	0	06D04219	0
0	0	0	0	06D04220	0
0	0	0	0	06D04221	0
0	0	0	0	06D04222	0
0	0	0	0	06D04223	0
0	0	0	0	06D04224	0
0	0	0	0	06D04225	0
0	0	0	1	06D04226	0
0	0	0	0	06D04227	0
0	0	0	0	06D04229	0
0	0	0	0	06D04231	0
0	0	0	0	06D04233	0
0	0	0	0	06D04240	0
0	0	0	0	06D04241	0
0	0	0	0	06D04244	0
0	0	0	0	06D04246	0
0	0	0	0	06D04248	0
0	0	0	0	06D04254	0
0	0	0	0	06D04255	0
0	0	0	0	06D04258	0
0	0	0	0	06D04264	0
0	0	0	0	06D04265	0
0	0	0	0	06D04268	0
0	0	0	0	06D04269	0
0	0	0	0	06D04271	0
0	0	0	0	06D04273	0
0	0	0	0	06D04274	0
0	0	0	0	06D04277	0
0	0	0	0	06D04278	0
0	0	0	0	06D04282	0
0	0	0	0	06D04285	0
0	0	0	0	06D04287	0
0	0	0	0	06D04289	0
0	0	0	0	06D04291	0
0	0	0	0	06D04292	0
0	0	0	NA	06D04298	0
0	0	0	1	06D04309	0
0	0	0	0	06D04312	0
0	0	0	0	06D04313	0
0	0	0	0	06D04314	0
0	0	0	0	06D04316	0
0	0	0	0	06D04322	0
0	0	0	0	06D04323	0
0	0	0	0	06D04326	0
0	0	0	0	06D04328	0
0	0	0	0	06D04336	0
0	0	0	1	06D04337	0
0	0	0	0	06D04339	0
0	0	0	0	06D04340	0
0	0	0	0	06D04342	0
0	0	0	1	06D04343	0
0	0	0	0	06D04344	0
0	0	0	0	06D04345	0
0	0	0	0	06D04347	0
0	0	0	0	06D04350	0
0	0	0	0	06D04353	0
0	0	0	0	06D04355	0
0	0	0	0	06D05321	0
0	0	0	0	06D05325	0
0	0	0	0	06D05328	0
0	0	0	0	06D05331	0
0	0	0	0	06D05334	0
0	0	0	0	06D05338	0
0	0	0	1	06D05340	0
0	0	0	0	06D05341	0
0	0	0	0	06D05342	0
0	0	0	0	06D05343	0
0	0	0	0	06D05346	0
0	0	0	0	06D05347	0
0	0	0	0	06D05351	0
0	0	0	0	06D05352	0
0	0	0	0	06D05353	0
0	0	0	0	06D05361	0
0	0	0	0	06D05362	0
0	0	0	0	06D05363	0
0	0	0	0	06D05364	0
0	0	0	0	06D05368	0
0	0	0	0	06D05371	0
0	0	0	0	06D05375	0
0	0	0	0	06D05376	0
0	0	0	1	06D05377	0
0	0	0	0	06D05379	0
0	0	0	0	06D05396	0
0	0	0	0	06D05397	0
0	0	0	0	06D05399	0
0	0	0	0	06D05403	0
0	0	0	0	06D05404	0
0	0	0	0	06D05406	0
0	0	0	0	06D05408	0
0	0	0	0	06D05410	0
0	0	0	1	06D05416	0
0	0	0	0	06D05423	0
0	0	0	0	06D05424	0
0	0	0	0	06D05425	0
0	0	0	0	06D05426	0
0	0	0	0	06D05432	0
0	0	0	0	06D05435	0
0	0	0	0	06D05436	0
0	0	0	0	06D05441	0
0	0	0	0	06D05443	0
0	0	0	0	06D05444	0
0	0	0	0	06D05449	0
0	0	0	0	06D05450	0
0	0	0	0	06D05452	0
0	0	0	0	06D05453	0
0	0	0	0	06D05465	0
0	0	0	0	06D05472	0
0	0	0	0	06D05475	0
0	0	0	1	06D05476	0
0	0	0	0	06D05483	0
0	0	0	0	06D05486	0
0	0	0	0	06D05487	0
0	0	0	0	06D05490	0
0	0	0	0	06D05493	0
0	0	0	0	06D05494	0
0	0	0	1	06D05497	0
0	0	0	0	06D05498	0
0	0	0	0	06D05499	0
0	0	0	0	06D05500	0
0	0	0	0	06D05501	0
0	0	0	0	06D05503	0
0	0	0	0	06D05505	0
0	0	0	0	06D05506	0
0	0	0	0	06D05651	0
0	0	0	0	06D05652	0
0	0	0	0	06D05653	0
0	0	0	0	06D05656	0
0	0	0	0	06D05660	0
0	0	0	1	06D05666	0
0	0	0	1	06D05670	0
0	0	0	0	06D05690	0
0	0	0	0	06D05693	0
0	0	0	1	06D05704	0
0	0	0	0	06D05705	0
0	0	0	1	06D05706	0
0	0	0	0	06D05708	0
0	0	0	1	06D05709	0
0	0	0	1	06D05714	0
0	0	0	0	06D05718	0
0	0	0	0	06D05719	0
0	0	0	0	06D05721	0
0	0	0	0	06D05723	0
0	0	0	0	06D05724	0
0	0	0	0	06D05725	0
0	0	0	0	06D05726	0
0	0	0	0	06D05727	0
0	0	0	0	06D05728	0
0	0	0	0	06D05729	0
0	0	0	0	06D05737	0
0	0	0	0	06D05738	0
0	0	0	0	06D05739	0
0	0	0	0	06D05749	0
0	0	0	0	06D05755	0
0	0	0	1	06D05758	0
0	0	0	0	06D05760	0
0	0	0	0	06D05762	0
0	0	0	1	06D05767	0
0	0	0	0	06D05768	0
0	0	0	0	06D05769	0
0	0	0	0	06D05770	0
0	0	0	0	06D05773	0
0	0	0	0	06D05774	0
0	0	0	0	06D05776	0
0	0	0	0	06D05787	0
0	0	0	0	06D05788	0
0	0	0	0	06D05789	0
0	0	0	0	06D05792	0
0	0	0	0	06D05793	0
0	0	0	0	06D05794	0
0	0	0	0	06D05802	0
0	0	0	NA	06D05803	0
0	0	0	0	06D05804	0
0	0	0	0	06D05813	0
0	0	0	0	06D05814	0
0	0	0	0	06D05816	0
0	0	0	1	06D05818	0
0	0	0	0	06D05819	0
0	0	0	0	06D05822	0
0	0	0	0	06D05828	0
0	0	0	1	06D05829	0
0	0	0	0	06D05836	0
0	0	0	0	06D05837	0
0	0	0	0	06D05973	0
0	0	0	0	06D05975	0
0	0	0	0	06D05976	0
0	0	0	0	06D05977	0
0	0	0	0	06D05985	0
0	0	0	0	06D05992	0
0	0	0	0	06D05994	0
0	0	0	0	06D05995	0
0	0	0	0	06D05999	0
0	0	0	0	06D06000	0
0	0	0	1	06D06001	0
0	0	0	0	06D06003	0
0	0	0	0	06D06005	0
0	0	0	0	06D06006	0
0	0	0	0	06D06008	0
0	0	0	0	06D06021	0
0	0	0	0	06D06023	0
0	0	0	0	06D06026	0
0	0	0	0	06D06029	0
0	0	0	0	06D06030	0
0	0	0	0	06D06033	0
0	0	0	1	06D06034	0
0	0	0	1	06D06037	0
0	0	0	0	06D06041	0
0	0	0	0	06D06042	0
0	0	0	0	06D06046	0
0	0	0	0	06D06048	0
0	0	0	0	06D06050	0
0	0	0	0	06D06051	0
0	0	0	0	06D06052	0
0	0	0	0	06D06053	0
0	0	0	0	06D06062	0
0	0	0	0	06D06063	0
0	0	0	0	06D06064	0
0	0	0	1	06D06066	0
0	0	0	0	06D06067	0
0	0	0	0	06D06073	0
0	0	0	0	06D06074	0
0	0	0	0	06D06076	0
0	0	0	1	06D06079	0
0	0	0	0	06D06080	0
0	0	0	0	06D06081	0
0	0	0	0	06D06085	0
0	0	0	0	06D06086	0
0	0	0	0	06D06088	0
0	0	0	0	06D06089	0
0	0	0	1	06D06090	0
0	0	0	1	06D06091	0
0	0	0	0	06D06096	0
0	0	0	0	06D06097	0
0	0	0	1	06D06098	0
0	0	0	0	06D06099	0
0	0	0	0	06D06107	0
0	0	0	0	06D06108	0
0	0	0	0	06D06109	0
0	0	0	0	06D06110	0
0	0	0	0	06D06112	0
0	0	0	0	06D06117	0
0	0	0	0	06D06119	0
0	0	0	0	06D06121	0
0	0	0	0	06D06125	0
0	0	0	0	06D06128	0
0	0	0	0	06D06129	0
0	0	0	1	06D06130	0
0	0	0	0	06D06131	0
0	0	0	0	06D06134	0
0	0	0	0	06D06136	0
0	0	0	0	06D06137	0
0	0	0	0	06D06138	0
0	0	0	0	06D06152	0
0	0	0	0	06D06153	0
0	0	0	1	06D06154	0
0	0	0	0	06D06155	0
0	0	0	0	06D06156	0
0	0	0	0	06D06157	0
0	0	0	0	06D06165	0
0	0	0	0	06D06166	0
0	0	0	0	06D06167	0
0	0	0	0	06D06168	0
0	0	0	0	06D06169	0
0	0	0	0	06D06170	0
0	0	0	0	06D06171	0
0	0	0	0	06D06172	0
0	0	0	0	06D06173	0
0	0	0	0	06D06174	0
0	0	0	0	06D06175	0
0	0	0	0	06D06176	0
0	0	0	0	06D06177	0
0	0	0	0	06D06178	0
0	0	0	0	06D06179	0
0	0	0	0	06D06182	0
0	0	0	0	06D06183	0
0	0	0	1	06D06184	0
0	0	0	0	06D06185	0
0	0	0	0	06D06186	0
0	0	0	1	06D06187	0
0	0	0	0	06D06188	0
0	0	0	0	06D06190	0
0	0	0	0	06D06191	0
0	0	0	0	06D06192	0
0	0	0	0	06D06193	0
0	0	0	0	06D06194	0
0	0	0	0	06D06195	0
0	0	0	0	06D06196	0
0	0	0	0	06D06197	0
0	0	0	NA	06D06199	0
0	0	0	0	06D06200	0
0	0	0	0	06D06201	0
0	0	0	0	06D06202	0
0	0	0	0	06D06203	0
0	0	0	0	06D06204	0
0	0	0	0	06D06205	0
0	0	0	1	06D06206	0
0	0	0	0	06D06207	0
0	0	0	0	06D06208	0
0	0	0	0	06D06209	0
0	0	0	0	06D06210	0
0	0	0	0	06D06211	0
0	0	0	0	06D06212	0
0	0	0	0	06D06213	0
0	0	0	0	06D06214	0
0	0	0	0	06D06215	0
0	0	0	0	06D06216	0
0	0	0	0	06D06217	0
0	0	0	0	06D06219	0
0	0	0	0	06D06220	0
0	0	0	0	06D06221	0
0	0	0	0	06D06222	0
0	0	0	0	06D06223	0
0	0	0	1	06D06224	0
0	0	0	0	06D06226	0
0	0	0	0	06D06227	0
0	0	0	0	06D06228	0
0	0	0	0	06D06229	0
0	0	0	0	06D06230	0
0	0	0	0	06D06231	0
0	0	0	0	06D06232	0
0	0	0	0	06D06233	0
0	0	0	0	06D06234	0
0	0	0	0	06D06235	0
0	0	0	0	06D06236	0
0	0	0	0	06D06237	0
0	0	0	0	06D06238	0
0	0	0	0	06D06239	0
0	0	0	0	06D06240	0
0	0	0	0	06D06241	0
0	0	0	0	06D06242	0
0	0	0	0	06D06243	0
0	0	0	0	06D06244	0
0	0	0	0	06D06245	0
0	0	0	1	06D06246	0
0	0	0	0	06D06247	0
0	0	0	0	06D06248	0
0	0	0	0	06D06249	0
0	0	0	0	06D06250	0
0	0	0	0	06D06251	0
0	0	0	0	06D06252	0
0	0	0	0	06D06253	0
0	0	0	0	06D06254	0
0	0	0	1	06D06255	0
0	0	0	0	06D06256	0
0	0	0	1	06D06257	0
0	0	0	0	06D06258	0
0	0	0	1	06D06259	0
0	0	0	0	06D06261	0
0	0	0	0	06D06262	0
0	0	0	0	06D06263	0
0	0	0	0	06D06264	0
0	0	0	0	06D06265	0
0	0	0	0	06D06266	0
0	0	0	0	06D06267	0
0	0	0	0	06D06268	0
0	0	0	0	06D06269	0
0	0	0	0	06D06270	0
0	0	0	0	06D06271	0
0	0	0	0	06D06272	0
0	0	0	0	06D06274	0
0	0	0	0	06D06275	0
0	0	0	0	06D06276	0
0	0	0	1	06D06277	0
0	0	0	0	06D06278	0
0	0	0	0	06D06279	0
0	0	0	0	06D06280	0
0	0	0	0	06D06281	0
0	0	0	0	06D06282	0
0	0	0	0	06D06284	0
0	0	0	0	06D06285	0
0	0	0	1	06D06286	0
0	0	0	0	06D06288	0
0	0	0	0	06D06289	0
0	0	0	0	06D06290	0
0	0	0	0	06D06291	0
0	0	0	0	06D06292	0
0	0	0	1	06D06293	0
0	0	0	0	06D06294	0
0	0	0	0	06D06295	0
0	0	0	0	06D06296	0
0	0	0	1	06D06297	0
0	0	0	0	06D06298	0
0	0	0	0	06D06299	0
0	0	0	0	06D06301	0
0	0	0	0	06D06302	0
0	0	0	0	06D06303	0
0	0	0	0	06D06304	0
0	0	0	1	06D06305	0
0	0	0	0	06D06306	0
0	0	0	0	06D06307	0
0	0	0	0	06D06308	0
0	0	0	0	06D06309	0
0	0	0	1	06D06310	0
0	0	0	0	06D06311	0
0	0	0	0	06D06312	0
0	0	0	0	06D06313	0
0	0	0	0	06D06314	0
0	0	0	0	06D06315	0
0	0	0	0	06D06316	0
0	0	0	0	06D06317	0
0	0	0	0	06D06318	0
0	0	0	1	06D06319	0
0	0	0	0	06D06320	0
0	0	0	0	06D06321	0
0	0	0	0	06D06322	0
0	0	0	0	06D06323	0
0	0	0	0	06D06324	0
0	0	0	0	06D06325	0
0	0	0	0	06D06326	0
0	0	0	1	06D06327	0
0	0	0	0	06D06328	0
0	0	0	0	06D06329	0
0	0	0	0	06D06330	0
0	0	0	0	06D06331	0
0	0	0	1	06D06332	0
0	0	0	0	06D06333	0
0	0	0	0	06D06334	0
0	0	0	NA	06D06335	0
0	0	0	1	06D06336	0
0	0	0	0	06D06337	0
0	0	0	0	06D06338	0
0	0	0	0	06D06339	0
0	0	0	0	06D06340	0
0	0	0	0	06D06341	0
0	0	0	0	06D06342	0
0	0	0	0	06D06343	0
0	0	0	0	06D06344	0
0	0	0	0	06D06345	0
0	0	0	0	06D06346	0
0	0	0	0	06D06347	0
0	0	0	0	06D06348	0
0	0	0	0	06D06349	0
0	0	0	0	06D06350	0
0	0	0	0	06D06351	0
0	0	0	0	06D06353	0
0	0	0	0	06D06354	0
0	0	0	0	06D06355	0
0	0	0	0	06D06356	0
0	0	0	0	06D06357	0
0	0	0	0	06D06358	0
0	0	0	0	06D06359	0
0	0	0	0	06D06360	0
0	0	0	0	06D06361	0
0	0	0	0	06D06362	0
0	0	0	0	06D06363	0
0	0	0	0	06D06364	0
0	0	0	0	06D06365	0
0	0	0	0	06D06366	0
0	0	0	0	06D06367	0
0	0	0	0	06D06368	0
0	0	0	0	06D06369	0
0	0	0	0	06D06370	0
0	0	0	0	06D06371	0
0	0	0	1	06D06372	0
0	0	0	0	06D06373	0
0	0	0	0	06D06374	0
0	0	0	0	06D06375	0
0	0	0	0	06D06376	0
0	0	0	0	06D06377	0
0	0	0	0	06D06378	0
0	0	0	0	06D06379	0
0	0	0	0	06D06380	0
0	0	0	1	06D06381	0
0	0	0	0	06D06382	0
0	0	0	0	06D06383	0
0	0	0	1	06D06384	0
0	0	0	0	06D06385	0
0	0	0	1	06D06386	0
0	0	0	0	06D06387	0
0	0	0	0	06D06388	0
0	0	0	0	06D06389	0
0	0	0	0	06D06390	0
0	0	0	0	06D06391	0
0	0	0	0	06D06392	0
0	0	0	0	06D06393	0
0	0	0	0	06D06394	0
0	0	0	0	06D06395	0
0	0	0	0	06D06396	0
0	0	0	0	06D06397	0
0	0	0	0	06D06398	0
0	0	0	0	06D06399	0
0	0	0	1	06D06400	0
0	0	0	0	06D06401	0
0	0	0	0	06D06402	0
0	0	0	0	06D06403	0
0	0	0	0	06D06404	0
0	0	0	0	06D06405	0
0	0	0	0	06D06406	0
0	0	0	0	06D06407	0
0	0	0	0	06D06408	0
0	0	0	0	06D06409	0
0	0	0	0	06D06410	0
0	0	0	0	06D06411	0
0	0	0	NA	06D06412	0
0	0	0	0	06D06413	0
0	0	0	1	06D06414	0
0	0	0	0	06D06415	0
0	0	0	0	06D06416	0
0	0	0	0	06D06418	0
0	0	0	0	06D06419	0
0	0	0	1	06D06420	0
0	0	0	0	06D06421	0
0	0	0	0	06D06422	0
0	0	0	0	06D06423	0
0	0	0	1	06D06424	0
0	0	0	0	06D06425	0
0	0	0	0	06D06426	0
0	0	0	0	06D06427	0
0	0	0	0	06D06428	0
0	0	0	0	06D06429	0
0	0	0	1	06D06430	0
0	0	0	0	06D06431	0
0	0	0	0	06D06432	0
0	0	0	0	06D06433	0
0	0	0	0	06D06434	0
0	0	0	0	06D06435	0
0	0	0	0	06D06436	0
0	0	0	0	06D06437	0
0	0	0	0	06D06438	0
0	0	0	0	06D06439	0
0	0	0	0	06D06440	0
0	0	0	1	06D06441	0
0	0	0	0	06D06442	0
0	0	0	0	06D06443	0
0	0	0	0	06D06444	0
0	0	0	0	06D06445	0
0	0	0	0	06D06446	0
0	0	0	0	06D06447	0
0	0	0	1	06D06448	0
0	0	0	0	06D06449	0
0	0	0	1	06D06450	0
0	0	0	0	06D06451	0
0	0	0	0	06D06452	0
0	0	0	0	06D06453	0
0	0	0	0	06D06454	0
0	0	0	0	06D06455	0
0	0	0	0	06D06456	0
0	0	0	0	06D06457	0
0	0	0	0	06D06458	0
0	0	0	0	06D06459	0
0	0	0	0	06D06460	0
0	0	0	0	06D06461	0
0	0	0	0	06D06462	0
0	0	0	0	06D06463	0
0	0	0	0	06D06464	0
0	0	0	0	06D06465	0
0	0	0	0	06D06466	0
0	0	0	0	06D06467	0
0	0	0	0	06D06468	0
0	0	0	0	06D06469	0
0	0	0	0	06D06470	0
0	0	0	0	06D06471	0
0	0	0	0	06D06472	0
0	0	0	0	06D06473	0
0	0	0	0	06D06475	0
0	0	0	0	06D06476	0
0	0	0	0	06D06477	0
0	0	0	0	06D06478	0
0	0	0	0	06D06479	0
0	0	0	0	06D06480	0
0	0	0	0	06D06481	0
0	0	0	0	06D06482	0
0	0	0	0	06D06483	0
0	0	0	0	06D06484	0
0	0	0	0	06D06485	0
0	0	0	0	06D06486	0
0	0	0	0	06D06487	0
0	0	0	1	06D06488	0
0	0	0	0	06D06489	0
0	0	0	0	06D06490	0
0	0	0	1	06D06491	0
0	0	0	0	06D06492	0
0	0	0	0	06D06493	0
0	0	0	0	06D06494	0
0	0	0	0	06D06495	0
0	0	0	NA	06D06496	0
0	0	0	0	06D06497	0
0	0	0	0	06D06498	0
0	0	0	0	06D06499	0
0	0	0	0	06D06500	0
0	0	0	0	06D06501	0
0	0	0	0	06D06502	0
0	0	0	0	06D06503	0
0	0	0	0	06D06505	0
0	0	0	0	06D06506	0
0	0	0	0	06D06507	0
0	0	0	NA	06D06508	0
0	0	0	0	06D06509	0
0	0	0	0	06D06510	0
0	0	0	0	06D06511	0
0	0	0	0	06D06512	0
0	0	0	0	06D06513	0
0	0	0	NA	06D06514	0
0	0	0	0	06D06515	0
0	0	0	NA	06D06516	0
0	0	0	0	06D06517	0
0	0	0	0	06D06518	0
0	0	0	0	06D06519	0
0	0	0	0	06D06520	0
0	0	0	0	06D06522	0
0	0	0	0	06D06523	0
0	0	0	0	06D06524	0
0	0	0	0	06D06525	0
0	0	0	0	06D06526	0
0	0	0	1	06D06527	0
0	0	0	0	06D06528	0
0	0	0	0	06D06529	0
0	0	0	NA	06D06530	0
0	0	0	0	06D06531	0
0	0	0	0	06D06533	0
0	0	0	0	06D06534	0
0	0	0	0	06D06535	0
0	0	0	0	06D06536	0
0	0	0	0	06D06537	0
0	0	0	0	06D06538	0
0	0	0	1	06D06539	0
0	0	0	0	06D06540	0
0	0	0	0	06D06541	0
0	0	0	0	06D06542	0
0	0	0	0	06D06543	0
0	0	0	0	06D06544	0
0	0	0	1	06D06545	0
0	0	0	0	06D06546	0
0	0	0	0	06D06547	0
0	0	0	0	06D06548	0
0	0	0	0	06D06549	0
0	0	0	0	06D06550	0
0	0	0	0	06D06551	0
0	0	0	0	06D06552	0
0	0	0	1	06D06553	0
0	0	0	1	06D06554	0
0	0	0	0	06D06555	0
0	0	0	0	06D06556	0
0	0	0	0	06D06557	0
0	0	0	1	06D06558	0
0	0	0	0	06D06559	0
0	0	0	NA	06D06560	0
0	0	0	0	06D06561	0
0	0	0	0	06D06562	0
0	0	0	0	06D06563	0
0	0	0	0	06D06564	0
0	0	0	0	06D06565	0
0	0	0	NA	06D06566	0
0	0	0	0	06D06567	0
0	0	0	0	06D06568	0
0	0	0	0	06D06569	0
0	0	0	0	06D06570	0
0	0	0	0	06D06571	0
0	0	0	0	06D06572	0
0	0	0	0	06D06573	0
0	0	0	0	06D06574	0
0	0	0	0	06D06575	0
0	0	0	0	06D06576	0
0	0	0	0	06D06577	0
0	0	0	1	06D06578	0
0	0	0	0	06D06579	0
0	0	0	0	06D06580	0
0	0	0	0	06D06581	0
0	0	0	0	06D06582	0
0	0	0	0	06D06583	0
0	0	0	1	06D06584	0
0	0	0	0	06D06585	0
0	0	0	0	06D06586	0
0	0	0	NA	06D06587	0
0	0	0	1	06D06588	0
0	0	0	0	06D06589	0
0	0	0	0	06D06590	0
0	0	0	0	06D06591	0
0	0	0	0	06D06592	0
0	0	0	1	06D06593	0
0	0	0	0	06D06594	0
0	0	0	0	06D06595	0
0	0	0	0	06D06596	0
0	0	0	1	06D06597	0
0	0	0	0	06D06598	0
0	0	0	0	06D06599	0
0	0	0	0	06D06600	0
0	0	0	0	06D06601	0
0	0	0	0	06D06602	0
0	0	0	0	06D06604	0
0	0	0	0	06D06605	0
0	0	0	0	06D06606	0
0	0	0	0	06D06607	0
0	0	0	0	06D06608	0
0	0	0	0	06D06609	0
0	0	0	0	06D06610	0
0	0	0	0	06D06611	0
0	0	0	1	06D06612	0
0	0	0	1	06D06613	0
0	0	0	0	06D06614	0
0	0	0	0	06D06615	0
0	0	0	0	06D06616	0
0	0	0	0	06D06617	0
0	0	0	1	06D06618	0
0	0	0	0	06D06619	0
0	0	0	0	06D06620	0
0	0	0	0	06D06621	0
0	0	0	0	06D06622	0
0	0	0	0	06D06623	0
0	0	0	0	06D06624	0
0	0	0	0	06D06625	0
0	0	0	1	06D06626	0
0	0	0	0	06D06627	0
0	0	0	0	06D06628	0
0	0	0	0	06D06629	0
0	0	0	0	06D06630	0
0	0	0	0	06D06631	0
0	0	0	0	06D06632	0
0	0	0	0	06D06633	0
0	0	0	0	06D06634	0
0	0	0	0	06D06635	0
0	0	0	0	06D06636	0
0	0	0	0	06D06637	0
0	0	0	0	06D06638	0
0	0	0	1	06D06639	0
0	0	0	0	06D06640	0
0	0	0	NA	06D06641	0
0	0	0	0	06D06642	0
0	0	0	0	06D06643	0
0	0	0	0	06D06644	0
0	0	0	0	06D06645	0
0	0	0	1	06D06646	0
0	0	0	0	06D06647	0
0	0	0	0	06D06648	0
0	0	0	0	06D06649	0
0	0	0	0	06D06650	0
0	0	0	0	06D06651	0
0	0	0	0	06D06652	0
0	0	0	0	06D06653	0
0	0	0	0	06D06654	0
0	0	0	0	06D06655	0
0	0	0	0	06D06656	0
0	0	0	0	06D06657	0
0	0	0	0	06D06658	0
0	0	0	0	06D06659	0
0	0	0	0	06D06660	0
0	0	0	0	06D06661	0
0	0	0	0	06D06662	0
0	0	0	0	06D06663	0
0	0	0	0	06D06664	0
0	0	0	1	06D06665	0
0	0	0	1	06D06666	0
0	0	0	0	06D06668	0
0	0	0	0	06D06669	0
0	0	0	0	06D06670	0
0	0	0	0	06D06671	0
0	0	0	0	06D06672	0
0	0	0	0	06D06673	0
0	0	0	0	06D06674	0
0	0	0	0	06D06675	0
0	0	0	1	06D06676	0
0	0	0	0	06D06677	0
0	0	0	0	06D06678	0
0	0	0	0	06D06680	0
0	0	0	0	06D06681	0
0	0	0	0	06D06682	0
0	0	0	0	06D06683	0
0	0	0	0	06D06684	0
0	0	0	0	06D06686	0
0	0	0	1	06D06687	0
0	0	0	0	06D06688	0
0	0	0	0	06D06689	0
0	0	0	0	06D06690	0
0	0	0	0	06D06691	0
0	0	0	0	06D06692	0
0	0	0	1	06D06693	0
0	0	0	0	06D06694	0
0	0	0	0	06D06696	0
0	0	0	0	06D06697	0
0	0	0	0	06D06699	0
0	0	0	1	06D06700	0
0	0	0	0	06D06701	0
0	0	0	0	06D06702	0
0	0	0	NA	06D06703	0
0	0	0	0	06D06704	0
0	0	0	0	06D06705	0
0	0	0	0	06D06706	0
0	0	0	0	06D06707	0
0	0	0	0	06D06708	0
0	0	0	0	06D06709	0
0	0	0	0	06D06710	0
0	0	0	0	06D06711	0
0	0	0	0	06D06712	0
0	0	0	0	06D06713	0
0	0	0	0	06D06714	0
0	0	0	0	06D06715	0
0	0	0	0	06D06716	0
0	0	0	0	06D06717	0
0	0	0	0	06D06718	0
0	0	0	0	06D06719	0
0	0	0	0	06D06720	0
0	0	0	0	06D06721	0
0	0	0	0	06D06722	0
0	0	0	0	06D06723	0
0	0	0	0	06D06724	0
0	0	0	0	06D06725	0
0	0	0	0	06D06726	0
0	0	0	0	06D06727	0
0	0	0	0	06D06728	0
0	0	0	0	06D06729	0
0	0	0	0	06D06730	0
0	0	0	0	06D06731	0
0	0	0	0	06D06732	0
0	0	0	0	06D06733	0
0	0	0	0	06D06734	0
0	0	0	0	06D06735	0
0	0	0	0	06D06736	0
0	0	0	1	06D06737	0
0	0	0	0	06D06738	0
0	0	0	0	06D06739	0
0	0	0	0	06D06741	0
0	0	0	0	06D06742	0
0	0	0	0	06D06743	0
0	0	0	0	06D06744	0
0	0	0	1	06D06745	0
0	0	0	0	06D06746	0
0	0	0	0	06D06747	0
0	0	0	0	06D06748	0
0	0	0	0	06D06749	0
0	0	0	0	06D06750	0
0	0	0	0	06D06751	0
0	0	0	0	06D06752	0
0	0	0	0	06D06753	0
0	0	0	0	06D06754	0
0	0	0	0	06D06755	0
0	0	0	0	06D06756	0
0	0	0	0	06D06757	0
0	0	0	0	06D06758	0
0	0	0	0	06D06759	0
0	0	0	0	06D06760	0
0	0	0	0	06D06761	0
0	0	0	0	06D06762	0
0	0	0	0	06D06763	0
0	0	0	0	06D06764	0
0	0	0	0	06D06765	0
0	0	0	0	06D06766	0
0	0	0	0	06D06767	0
0	0	0	0	06D06768	0
0	0	0	0	06D06769	0
0	0	0	0	06D06770	0
0	0	0	0	06D06771	0
0	0	0	0	06D06772	0
0	0	0	0	06D06773	0
0	0	0	0	06D06774	0
0	0	0	1	06D06775	0
0	0	0	0	06D06776	0
0	0	0	0	06D06777	0
0	0	0	0	06D06778	0
0	0	0	0	06D06779	0
0	0	0	0	06D06780	0
0	0	0	0	06D06781	0
0	0	0	0	06D06782	0
0	0	0	0	06D06783	0
0	0	0	0	06D06784	0
0	0	0	0	06D06785	0
0	0	0	0	06D06786	0
0	0	0	1	06D06787	0
0	0	0	0	06D06788	0
0	0	0	0	06D06789	0
0	0	0	0	06D06790	0
0	0	0	0	06D06791	0
0	0	0	0	06D06792	0
0	0	0	0	06D06793	0
0	0	0	0	06D06794	0
0	0	0	0	06D06795	0
0	0	0	0	06D06796	0
0	0	0	0	06D06797	0
0	0	0	0	06D06799	0
0	0	0	1	06D06800	0
0	0	0	0	06D06801	0
0	0	0	0	06D06803	0
0	0	0	0	06D06804	0
0	0	0	0	06D06805	0
0	0	0	0	06D06806	0
0	0	0	0	06D06807	0
0	0	0	0	06D06808	0
0	0	0	0	06D06809	0
0	0	0	1	06D06810	0
0	0	0	1	06D06811	0
0	0	0	0	06D06812	0
0	0	0	0	06D06813	0
0	0	0	NA	06D06814	0
0	0	0	0	06D06815	0
0	0	0	0	06D06816	0
0	0	0	0	06D06817	0
0	0	0	0	06D06818	0
0	0	0	0	06D06819	0
0	0	0	0	06D06820	0
0	0	0	0	06D06821	0
0	0	0	0	06D06822	0
0	0	0	0	06D06824	0
0	0	0	0	06D06825	0
0	0	0	0	06D06826	0
0	0	0	0	06D06827	0
0	0	0	0	06D06828	0
0	0	0	0	06D06829	0
0	0	0	0	06D06830	0
0	0	0	0	06D06831	0
0	0	0	0	06D06832	0
0	0	0	0	06D06833	0
0	0	0	0	06D06834	0
0	0	0	0	06D06835	0
0	0	0	0	06D06836	0
0	0	0	0	06D06837	0
0	0	0	0	06D06838	0
0	0	0	0	06D06839	0
0	0	0	0	06D06840	0
0	0	0	0	06D06841	0
0	0	0	1	06D06842	0
0	0	0	0	06D06844	0
0	0	0	0	06D06845	0
0	0	0	0	06D06846	0
0	0	0	0	06D06847	0
0	0	0	0	06D06848	0
0	0	0	0	06D06849	0
0	0	0	1	06D06850	0
0	0	0	0	06D06851	0
0	0	0	0	06D06852	0
0	0	0	0	06D06853	0
0	0	0	0	06D06854	0
0	0	0	0	06D06855	0
0	0	0	0	06D06856	0
0	0	0	0	06D06857	0
0	0	0	1	06D06858	0
0	0	0	0	06D06859	0
0	0	0	0	06D06860	0
0	0	0	0	06D06861	0
0	0	0	0	06D06862	0
0	0	0	0	06D06863	0
0	0	0	0	06D06864	0
0	0	0	0	06D06865	0
0	0	0	0	06D06866	0
0	0	0	1	06D06867	0
0	0	0	1	06D06868	0
0	0	0	1	06D06869	0
0	0	0	0	06D06870	0
0	0	0	0	06D06871	0
0	0	0	0	06D06872	0
0	0	0	0	06D06873	0
0	0	0	0	06D06874	0
0	0	0	0	06D06875	0
0	0	0	0	06D06876	0
0	0	0	0	06D06877	0
0	0	0	0	06D06878	0
0	0	0	0	06D06879	0
0	0	0	0	06D06880	0
0	0	0	0	06D06881	0
0	0	0	0	06D06882	0
0	0	0	0	06D06883	0
0	0	0	0	06D06884	0
0	0	0	0	06D06885	0
0	0	0	0	06D06886	0
0	0	0	0	06D06887	0
0	0	0	0	06D06888	0
0	0	0	0	06D06889	0
0	0	0	1	06D06890	0
0	0	0	0	06D06893	0
0	0	0	0	06D06894	0
0	0	0	0	06D06895	0
0	0	0	0	06D06896	0
0	0	0	0	06D06897	0
0	0	0	0	06D06898	0
0	0	0	0	06D06899	0
0	0	0	0	06D06900	0
0	0	0	0	06D06901	0
0	0	0	0	06D06902	0
0	0	0	0	06D06903	0
0	0	0	0	06D06904	0
0	0	0	0	06D06905	0
0	0	0	0	06D06906	0
0	0	0	0	06D06907	0
0	0	0	0	06D06908	0
0	0	0	1	06D06909	0
0	0	0	0	06D06910	0
0	0	0	0	06D06911	0
0	0	0	0	06D06912	0
0	0	0	0	06D06913	0
0	0	0	1	06D06914	0
0	0	0	0	06D06915	0
0	0	0	0	06D06916	0
0	0	0	0	06D06917	0
0	0	0	0	06D06918	0
0	0	0	0	06D06919	0
0	0	0	0	06D06920	0
0	0	0	0	06D06921	0
0	0	0	NA	06D06922	0
0	0	0	0	06D06923	0
0	0	0	0	06D06924	0
0	0	0	0	06D06925	0
0	0	0	0	06D06926	0
0	0	0	1	06D06927	0
0	0	0	0	06D06928	0
0	0	0	0	06D06930	0
0	0	0	0	06D06931	0
0	0	0	1	06D06932	0
0	0	0	0	06D06933	0
0	0	0	0	06D06934	0
0	0	0	0	06D06935	0
0	0	0	0	06D06936	0
0	0	0	0	06D06937	0
0	0	0	0	06D06938	0
0	0	0	0	06D06939	0
0	0	0	0	06D06940	0
0	0	0	0	06D06941	0
0	0	0	0	06D06942	0
0	0	0	0	06D06943	0
0	0	0	0	06D06944	0
0	0	0	NA	06D06945	0
0	0	0	0	06D06946	0
0	0	0	0	06D06947	0
0	0	0	0	06D06948	0
0	0	0	0	06D06949	0
0	0	0	1	06D06950	0
0	0	0	0	06D06951	0
0	0	0	0	06D06952	0
0	0	0	0	06D06953	0
0	0	0	0	06D06954	0
0	0	0	0	06D06955	0
0	0	0	0	06D06956	0
0	0	0	0	06D06957	0
0	0	0	0	06D06958	0
0	0	0	0	06D06959	0
0	0	0	0	06D06960	0
0	0	0	0	06D06961	0
0	0	0	0	06D06962	0
0	0	0	0	06D06963	0
0	0	0	0	06D06964	0
0	0	0	0	06D06965	0
0	0	0	0	06D06966	0
0	0	0	0	06D06967	0
0	0	0	0	06D06968	0
0	0	0	0	06D06969	0
0	0	0	0	06D06970	0
0	0	0	0	06D06971	0
0	0	0	0	06D06972	0
0	0	0	0	06D06973	0
0	0	0	0	06D06974	0
0	0	0	0	06D06975	0
0	0	0	0	06D06976	0
0	0	0	0	06D06977	0
0	0	0	0	06D06978	0
0	0	0	0	06D06979	0
0	0	0	0	06D06980	0
0	0	0	0	06D06981	0
0	0	0	0	06D06982	0
0	0	0	0	06D06983	0
0	0	0	0	06D06984	0
0	0	0	0	06D06985	0
0	0	0	0	06D06987	0
0	0	0	0	06D06988	0
0	0	0	0	06D06989	0
0	0	0	0	06D06990	0
0	0	0	0	06D06991	0
0	0	0	0	06D06992	0
0	0	0	0	06D06993	0
0	0	0	0	06D06994	0
0	0	0	0	06D06995	0
0	0	0	0	06D06997	0
0	0	0	0	06D06998	0
0	0	0	0	06D06999	0
0	0	0	0	06D07000	0
0	0	0	0	06D07001	0
0	0	0	0	06D07002	0
0	0	0	0	06D07003	0
0	0	0	0	06D07004	0
0	0	0	0	06D07005	0
0	0	0	0	06D07006	0
0	0	0	0	06D07007	0
0	0	0	0	06D07008	0
0	0	0	0	06D07009	0
0	0	0	0	06D07010	0
0	0	0	0	06D07011	0
0	0	0	0	06D07012	0
0	0	0	0	06D07013	0
0	0	0	1	06D07014	0
0	0	0	0	06D07015	0
0	0	0	0	06D07016	0
0	0	0	0	06D07017	0
0	0	0	0	06D07018	0
0	0	0	0	06D07019	0
0	0	0	0	06D07020	0
0	0	0	0	06D07021	0
0	0	0	0	06D07022	0
0	0	0	0	06D07023	0
0	0	0	0	06D07024	0
0	0	0	0	06D07025	0
0	0	0	0	06D07026	0
0	0	0	1	06D07027	0
0	0	0	0	06D07028	0
0	0	0	0	06D07029	0
0	0	0	0	06D07030	0
0	0	0	0	06D07031	0
0	0	0	0	06D07032	0
0	0	0	0	06D07033	0
0	0	0	1	06D07034	0
0	0	0	0	06D07035	0
0	0	0	0	06D07036	0
0	0	0	1	06D07037	0
0	0	0	0	06D07038	0
0	0	0	0	06D07040	0
0	0	0	0	06D07041	0
0	0	0	0	06D07042	0
0	0	0	0	06D07043	0
0	0	0	0	06D07044	0
0	0	0	0	06D07045	0
0	0	0	0	06D07047	0
0	0	0	0	06D07048	0
0	0	0	0	06D07049	0
0	0	0	0	06D07050	0
0	0	0	0	06D07051	0
0	0	0	0	06D07052	0
0	0	0	0	06D07053	0
0	0	0	0	06D07054	0
0	0	0	0	06D07055	0
0	0	0	0	06D07056	0
0	0	0	0	06D07057	0
0	0	0	0	06D07058	0
0	0	0	0	06D07061	0
0	0	0	0	06D07062	0
0	0	0	0	06D07063	0
0	0	0	0	06D07064	0
0	0	0	0	06D07065	0
0	0	0	0	06D07068	0
0	0	0	0	06D07069	0
0	0	0	0	06D07070	0
0	0	0	0	06D07071	0
0	0	0	0	06D07072	0
0	0	0	0	06D07073	0
0	0	0	0	06D07074	0
0	0	0	0	06D07075	0
0	0	0	0	06D07076	0
0	0	0	0	06D07077	0
0	0	0	0	06D07078	0
0	0	0	0	06D07079	0
0	0	0	0	06D07080	0
0	0	0	0	06D07081	0
0	0	0	0	06D07082	0
0	0	0	0	06D07083	0
0	0	0	0	06D07084	0
0	0	0	0	06D07085	0
0	0	0	1	06D07086	0
0	0	0	0	06D07087	0
0	0	0	0	06D07088	0
0	0	0	0	06D07089	0
0	0	0	0	06D07092	0
0	0	0	0	06D07095	0
0	0	0	0	06D07096	0
0	0	0	0	06D07097	0
0	0	0	0	06D07098	0
0	0	0	0	06D07099	0
0	0	0	0	06D07100	0
0	0	0	0	06D07101	0
0	0	0	0	06D07102	0
0	0	0	0	06D07103	0
0	0	0	0	06D07105	0
0	0	0	0	06D07111	0
0	0	0	0	06D07112	0
0	0	0	0	06D07113	0
0	0	0	0	06D07114	0
0	0	0	0	06D07115	0
0	0	0	0	06D07116	0
0	0	0	1	06D07117	0
0	0	0	0	06D07118	0
0	0	0	0	06D07119	0
0	0	0	0	06D07120	0
0	0	0	0	06D07121	0
0	0	0	0	06D07122	0
0	0	0	1	06D07123	0
0	0	0	0	06D07124	0
0	0	0	0	06D07125	0
0	0	0	1	06D07128	0
0	0	0	0	06D07129	0
0	0	0	1	06D07130	0
0	0	0	0	06D07131	0
0	0	0	0	06D07132	0
0	0	0	0	06D07133	0
0	0	0	0	06D07135	0
0	0	0	0	06D07136	0
0	0	0	0	06D07137	0
0	0	0	0	06D07138	0
0	0	0	0	06D07139	0
0	0	0	0	06D07140	0
0	0	0	0	06D07141	0
0	0	0	0	06D07142	0
0	0	0	0	06D07143	0
0	0	0	0	06D07144	0
0	0	0	0	06D07145	0
0	0	0	0	06D07146	0
0	0	0	0	06D07148	0
0	0	0	0	06D07149	0
0	0	0	1	06D07150	0
0	0	0	0	06D07151	0
0	0	0	1	06D07152	0
0	0	0	0	06D07153	0
0	0	0	1	06D07154	0
0	0	0	0	06D07155	0
0	0	0	0	06D07156	0
0	0	0	0	06D07157	0
0	0	0	0	06D07158	0
0	0	0	0	06D07159	0
0	0	0	0	06D07160	0
0	0	0	0	06D07161	0
0	0	0	0	06D07162	0
0	0	0	0	06D07163	0
0	0	0	0	06D07164	0
0	0	0	0	06D07165	0
0	0	0	0	06D07166	0
0	0	0	0	06D07167	0
0	0	0	0	06D07168	0
0	0	0	0	06D07169	0
0	0	0	0	06D07170	0
0	0	0	0	06D07171	0
0	0	0	0	06D07174	0
0	0	0	0	06D07175	0
0	0	0	1	06D07176	0
0	0	0	0	06D07177	0
0	0	0	NA	06D07178	0
0	0	0	0	06D07179	0
0	0	0	0	06D07180	0
0	0	0	0	06D07181	0
0	0	0	0	06D07182	0
0	0	0	0	06D07183	0
0	0	0	0	06D07186	0
0	0	0	0	06D07187	0
0	0	0	0	06D07188	0
0	0	0	0	06D07189	0
0	0	0	0	06D07190	0
0	0	0	0	06D07193	0
0	0	0	0	06D07194	0
0	0	0	0	06D07195	0
0	0	0	0	06D07196	0
0	0	0	0	06D07199	0
0	0	0	0	06D07200	0
0	0	0	0	06D07202	0
0	0	0	0	06D07203	0
0	0	0	1	06D07205	0
0	0	0	0	06D07206	0
0	0	0	0	06D07207	0
0	0	0	0	06D07208	0
0	0	0	0	06D07209	0
0	0	0	0	06D07210	0
0	0	0	0	06D07211	0
0	0	0	0	06D07212	0
0	0	0	0	06D07213	0
0	0	0	0	06D07214	0
0	0	0	1	06D07215	0
0	0	0	0	06D07216	0
0	0	0	0	06D07217	0
0	0	0	0	06D07218	0
0	0	0	0	06D07219	0
0	0	0	0	06D07220	0
0	0	0	0	06D07221	0
0	0	0	0	06D07222	0
0	0	0	0	06D07223	0
0	0	0	0	06D07224	0
0	0	0	0	06D07225	0
0	0	0	0	06D07228	0
0	0	0	1	06D07229	0
0	0	0	0	06D07230	0
0	0	0	0	06D07231	0
0	0	0	1	06D07232	0
0	0	0	0	06D07233	0
0	0	0	0	06D07234	0
0	0	0	0	06D07235	0
0	0	0	0	06D07236	0
0	0	0	0	06D07237	0
0	0	0	1	06D07238	0
0	0	0	0	06D07239	0
0	0	0	0	06D07240	0
0	0	0	0	06D07241	0
0	0	0	0	06D07242	0
0	0	0	0	06D07243	0
0	0	0	0	06D07244	0
0	0	0	0	06D07245	0
0	0	0	0	06D07246	0
0	0	0	0	06D07247	0
0	0	0	0	06D07248	0
0	0	0	0	06D07249	0
0	0	0	0	06D07250	0
0	0	0	0	06D07251	0
0	0	0	0	06D07252	0
0	0	0	0	06D07253	0
0	0	0	0	06D07254	0
0	0	0	0	06D07255	0
0	0	0	0	06D07256	0
0	0	0	0	06D07259	0
0	0	0	0	06D07260	0
0	0	0	0	06D07261	0
0	0	0	0	06D07263	0
0	0	0	0	06D07264	0
0	0	0	1	06D07265	0
0	0	0	0	06D07266	0
0	0	0	0	06D07267	0
0	0	0	0	06D07268	0
0	0	0	0	06D07269	0
0	0	0	0	06D07270	0
0	0	0	1	06D07271	0
0	0	0	0	06D07272	0
0	0	0	0	06D07273	0
0	0	0	0	06D07274	0
0	0	0	0	06D07275	0
0	0	0	0	06D07276	0
0	0	0	0	06D07277	0
0	0	0	0	06D07278	0
0	0	0	2	06D07279	0
0	0	0	0	06D07280	0
0	0	0	0	06D07282	0
0	0	0	0	06D07283	0
0	0	0	0	06D07286	0
0	0	0	0	06D07287	0
0	0	0	0	06D07290	0
0	0	0	0	06D07291	0
0	0	0	1	06D07292	0
0	0	0	0	06D07293	0
0	0	0	0	06D07294	0
0	0	0	0	06D07295	0
0	0	0	0	06D07296	0
0	0	0	0	06D07297	0
0	0	0	0	06D07298	0
0	0	0	0	06D07299	0
0	0	0	0	06D07301	0
0	0	0	0	06D07302	0
0	0	0	0	06D07303	0
0	0	0	0	06D07304	0
0	0	0	0	06D07305	0
0	0	0	0	06D07306	0
0	0	0	0	06D07308	0
0	0	0	0	06D07309	0
0	0	0	0	06D07310	0
0	0	0	0	06D07311	0
0	0	0	0	06D07312	0
0	0	0	1	06D07313	0
0	0	0	0	06D07314	0
0	0	0	0	06D07315	0
0	0	0	0	06D07316	0
0	0	0	0	06D07317	0
0	0	0	0	06D07318	0
0	0	0	0	06D07319	0
0	0	0	0	06D07320	0
0	0	0	0	06D07321	0
0	0	0	0	06D07322	0
0	0	0	0	06D07323	0
0	0	0	0	06D07324	0
0	0	0	1	06D07325	0
0	0	0	0	06D07326	0
0	0	0	0	06D07327	0
0	0	0	0	06D07328	0
0	0	0	0	06D07329	0
0	0	0	0	06D07330	0
0	0	0	0	06D07331	0
0	0	0	0	06D07332	0
0	0	0	1	06D07333	0
0	0	0	1	06D07334	0
0	0	0	0	06D07335	0
0	0	0	0	06D07336	0
0	0	0	0	06D07337	0
0	0	0	0	06D07338	0
0	0	0	0	06D07339	0
0	0	0	0	06D07340	0
0	0	0	0	06D07341	0
0	0	0	0	06D07342	0
0	0	0	0	06D07343	0
0	0	0	0	06D07345	0
0	0	0	1	06D07346	0
0	0	0	0	06D07347	0
0	0	0	0	06D07348	0
0	0	0	0	06D07349	0
0	0	0	0	06D07350	0
0	0	0	0	06D07351	0
0	0	0	0	06D07352	0
0	0	0	0	06D07355	0
0	0	0	0	06D07356	0
0	0	0	0	06D07357	0
0	0	0	0	06D07359	0
0	0	0	NA	06D07360	0
0	0	0	0	06D07361	0
0	0	0	0	06D07362	0
0	0	0	0	06D07363	0
0	0	0	0	06D07364	0
0	0	0	0	06D07365	0
0	0	0	0	06D07366	0
0	0	0	0	06D07369	0
0	0	0	0	06D07370	0
0	0	0	0	06D07371	0
0	0	0	0	06D07372	0
0	0	0	0	06D07373	0
0	0	0	0	06D07374	0
0	0	0	0	06D07375	0
0	0	0	0	06D07376	0
0	0	0	0	06D07377	0
0	0	0	0	06D07378	0
0	0	0	0	06D07379	0
0	0	0	0	06D07380	0
0	0	0	0	06D07381	0
0	0	0	0	06D07382	0
0	0	0	0	06D07383	0
0	0	0	0	06D07384	0
0	0	0	0	06D07385	0
0	0	0	1	06D07386	0
0	0	0	0	06D07387	0
0	0	0	0	06D07388	0
0	0	0	0	06D07389	0
0	0	0	0	06D07390	0
0	0	0	0	06D07391	0
0	0	0	0	06D07392	0
0	0	0	0	06D07393	0
0	0	0	0	06D07394	0
0	0	0	0	06D07395	0
0	0	0	0	06D07396	0
0	0	0	0	06D07397	0
0	0	0	0	06D07398	0
0	0	0	0	06D07399	0
0	0	0	1	06D07400	0
0	0	0	0	06D07401	0
0	0	0	0	06D07402	0
0	0	0	0	06D07403	0
0	0	0	0	06D07405	0
0	0	0	0	06D07407	0
0	0	0	0	06D07408	0
0	0	0	0	06D07409	0
0	0	0	0	06D07410	0
0	0	0	0	06D07411	0
0	0	0	0	06D07412	0
0	0	0	0	06D07413	0
0	0	0	0	06D07414	0
0	0	0	0	06D07415	0
0	0	0	0	06D07416	0
0	0	0	0	06D07417	0
0	0	0	1	06D07418	0
0	0	0	0	06D07419	0
0	0	0	0	06D07420	0
0	0	0	0	06D07421	0
0	0	0	1	06D07423	0
0	0	0	0	06D07424	0
0	0	0	0	06D07425	0
0	0	0	0	06D07426	0
0	0	0	0	06D07427	0
0	0	0	0	06D07428	0
0	0	0	0	06D07429	0
0	0	0	0	06D07430	0
0	0	0	0	06D07431	0
0	0	0	0	06D07432	0
0	0	0	0	06D07433	0
0	0	0	0	06D07434	0
0	0	0	0	06D07435	0
0	0	0	0	06D07436	0
0	0	0	0	06D07437	0
0	0	0	2	06D07438	0
0	0	0	1	06D07439	0
0	0	0	0	06D07440	0
0	0	0	0	06D07441	0
0	0	0	0	06D07442	0
0	0	0	0	06D07443	0
0	0	0	0	06D07444	0
0	0	0	0	06D07445	0
0	0	0	0	06D07446	0
0	0	0	1	06D07447	0
0	0	0	0	06D07450	0
0	0	0	0	06D07451	0
0	0	0	0	06D07452	0
0	0	0	0	06D07453	0
0	0	0	0	06D07454	0
0	0	0	0	06D07455	0
0	0	0	0	06D07456	0
0	0	0	0	06D07457	0
0	0	0	0	06D07458	0
0	0	0	0	06D07459	0
0	0	0	0	06D07460	0
0	0	0	0	06D07461	0
0	0	0	0	06D07462	0
0	0	0	0	06D07463	0
0	0	0	0	06D07464	0
0	0	0	0	06D07465	0
0	0	0	0	06D07466	0
0	0	0	0	06D07467	0
0	0	0	0	06D07468	0
0	0	0	0	06D07469	0
0	0	0	0	06D07470	0
0	0	0	0	06D07471	0
0	0	0	0	06D07473	0
0	0	0	0	06D07474	0
0	0	0	0	06D07475	0
0	0	0	0	06D07476	0
0	0	0	0	06D07478	0
0	0	0	0	06D07481	0
0	0	0	0	06D07483	0
0	0	0	0	06D07484	0
0	0	0	0	06D07485	0
0	0	0	0	06D07486	0
0	0	0	0	06D07487	0
0	0	0	NA	06D07488	0
0	0	0	0	06D07489	0
0	0	0	0	06D07490	0
0	0	0	2	06D07491	0
0	0	0	1	06D07493	0
0	0	0	0	06D07494	0
0	0	0	0	06D07495	0
0	0	0	0	06D07496	0
0	0	0	0	06D07498	0
0	0	0	0	06D07501	0
0	0	0	0	06D07502	0
0	0	0	0	06D07503	0
0	0	0	0	06D07504	0
0	0	0	0	06D07505	0
0	0	0	0	06D07506	0
0	0	0	0	06D07507	0
0	0	0	0	06D07508	0
0	0	0	0	06D07509	0
0	0	0	0	06D07510	0
0	0	0	0	06D07511	0
0	0	0	0	06D07512	0
0	0	0	0	06D07513	0
0	0	0	0	06D07514	0
0	0	0	0	06D07515	0
0	0	0	1	06D07518	0
0	0	0	0	06D07519	0
0	0	0	0	06D07520	0
0	0	0	0	06D07523	0
0	0	0	0	06D07524	0
0	0	0	0	06D07525	0
0	0	0	0	06D07526	0
0	0	0	0	06D07527	0
0	0	0	0	06D07528	0
0	0	0	0	06D07529	0
0	0	0	0	06D07530	0
0	0	0	1	06D07531	0
0	0	0	1	06D07532	0
0	0	0	0	06D07533	0
0	0	0	0	06D07534	0
0	0	0	0	06D07535	0
0	0	0	0	06D07536	0
0	0	0	0	06D07537	0
0	0	0	0	06D07538	0
0	0	0	0	06D07539	0
0	0	0	0	06D07540	0
0	0	0	0	06D07541	0
0	0	0	0	06D07542	0
0	0	0	1	06D07543	0
0	0	0	0	06D07544	0
0	0	0	0	06D07545	0
0	0	0	0	06D07546	0
0	0	0	0	06D07547	0
0	0	0	0	06D07548	0
0	0	0	0	06D07549	0
0	0	0	1	06D07550	0
0	0	0	0	06D07551	0
0	0	0	0	06D07552	0
0	0	0	0	06D07553	0
0	0	0	0	06D07554	0
0	0	0	1	06D07555	0
0	0	0	0	06D07556	0
0	0	0	0	06D07557	0
0	0	0	0	06D07558	0
0	0	0	0	06D07559	0
0	0	0	0	06D07562	0
0	0	0	1	06D07563	0
0	0	0	0	06D07564	0
0	0	0	0	06D07565	0
0	0	0	1	06D07568	0
0	0	0	0	06D07569	0
0	0	0	0	06D07570	0
0	0	0	0	06D07571	0
0	0	0	0	06D07572	0
0	0	0	NA	06D07573	0
0	0	0	0	06D07574	0
0	0	0	0	06D07575	0
0	0	0	0	06D07576	0
0	0	0	0	06D07577	0
0	0	0	0	06D07578	0
0	0	0	1	06D07579	0
0	0	0	0	06D07580	0
0	0	0	0	06D07581	0
0	0	0	0	06D07582	0
0	0	0	0	06D07583	0
0	0	0	0	06D07585	0
0	0	0	0	06D07586	0
0	0	0	0	06D07587	0
0	0	0	0	06D07591	0
0	0	0	0	06D07592	0
0	0	0	0	06D07593	0
0	0	0	0	06D07594	0
0	0	0	0	06D07595	0
0	0	0	0	06D07596	0
0	0	0	0	06D07597	0
0	0	0	0	06D07598	0
0	0	0	0	06D07599	0
0	0	0	0	06D07600	0
0	0	0	0	06D07602	0
0	0	0	0	06D07604	0
0	0	0	0	06D07605	0
0	0	0	0	06D07608	0
0	0	0	0	06D07609	0
0	0	0	0	06D07610	0
0	0	0	0	06D07611	0
0	0	0	0	06D07612	0
0	0	0	0	06D07613	0
0	0	0	0	06D07615	0
0	0	0	0	06D07616	0
0	0	0	0	06D07617	0
0	0	0	1	06D07618	0
0	0	0	0	06D07619	0
0	0	0	0	06D07620	0
0	0	0	0	06D07621	0
0	0	0	0	06D07622	0
0	0	0	1	06D07623	0
0	0	0	0	06D07624	0
0	0	0	0	06D07627	0
0	0	0	0	06D07628	0
0	0	0	0	06D07629	0
0	0	0	0	06D07630	0
0	0	0	0	06D07632	0
0	0	0	0	06D07633	0
0	0	0	0	06D07634	0
0	0	0	1	06D07635	0
0	0	0	0	06D07637	0
0	0	0	1	06D07638	0
0	0	0	1	06D07639	0
0	0	0	0	06D07640	0
0	0	0	0	06D07641	0
0	0	0	0	06D07642	0
0	0	0	0	06D07643	0
0	0	0	0	06D07644	0
0	0	0	0	06D07645	0
0	0	0	0	06D07646	0
0	0	0	0	06D07649	0
0	0	0	0	06D07650	0
0	0	0	0	06D07651	0
0	0	0	0	06D07652	0
0	0	0	0	06D07653	0
0	0	0	0	06D07654	0
0	0	0	0	06D07655	0
0	0	0	0	06D07656	0
0	0	0	0	06D07657	0
0	0	0	0	06D07658	0
0	0	0	0	06D07659	0
0	0	0	0	06D07660	0
0	0	0	0	06D07661	0
0	0	0	0	06D07662	0
0	0	0	0	06D07663	0
0	0	0	0	06D07664	0
0	0	0	0	06D07665	0
0	0	0	0	06D07666	0
0	0	0	0	06D07667	0
0	0	0	1	06D07668	0
0	0	0	1	06D07669	0
0	0	0	1	06D07670	0
0	0	0	1	06D07671	0
0	0	0	0	06D07672	0
0	0	0	0	06D07673	0
0	0	0	0	06D07674	0
0	0	0	0	06D07675	0
0	0	0	0	06D07676	0
0	0	0	0	06D07677	0
0	0	0	0	06D07678	0
0	0	0	0	06D07679	0
0	0	0	0	06D07680	0
0	0	0	0	06D07681	0
0	0	0	0	06D07682	0
0	0	0	0	06D07683	0
0	0	0	2	06D07684	0
0	0	0	1	06D07685	0
0	0	0	0	06D07686	0
0	0	0	0	06D07687	0
0	0	0	0	06D07688	0
0	0	0	0	06D07691	0
0	0	0	0	06D07692	0
0	0	0	0	06D07693	0
0	0	0	0	06D07694	0
0	0	0	0	06D07695	0
0	0	0	0	06D07696	0
0	0	0	0	06D07697	0
0	0	0	0	06D07699	0
0	0	0	0	06D07701	0
0	0	0	0	06D07702	0
0	0	0	0	06D07703	0
0	0	0	0	06D07706	0
0	0	0	0	06D07707	0
0	0	0	0	06D07708	0
0	0	0	1	06D07709	0
0	0	0	0	06D07710	0
0	0	0	0	06D07712	0
0	0	0	0	06D07713	0
0	0	0	0	06D07714	0
0	0	0	0	06D07715	0
0	0	0	0	06D07716	0
0	0	0	0	06D07717	0
0	0	0	0	06D07718	0
0	0	0	0	06D07719	0
0	0	0	0	06D07720	0
0	0	0	0	06D07721	0
0	0	0	0	06D07722	0
0	0	0	0	06D07723	0
0	0	0	0	06D07724	0
0	0	0	0	06D07725	0
0	0	0	0	06D07726	0
0	0	0	0	06D07727	0
0	0	0	0	06D07728	0
0	0	0	0	06D07729	0
0	0	0	0	06D07730	0
0	0	0	0	06D07731	0
0	0	0	0	06D07732	0
0	0	0	0	06D07733	0
0	0	0	0	06D07734	0
0	0	0	0	06D07735	0
0	0	0	0	06D07736	0
0	0	0	0	06D07737	0
0	0	0	0	06D07738	0
0	0	0	1	06D07739	0
0	0	0	0	06D07740	0
0	0	0	0	06D07741	0
0	0	0	0	06D07742	0
0	0	0	0	06D07743	0
0	0	0	0	06D07744	0
0	0	0	0	06D07745	0
0	0	0	0	06D07746	0
0	0	0	0	06D07747	0
0	0	0	0	06D07748	0
0	0	0	0	06D07749	0
0	0	0	1	06D07750	0
0	0	0	0	06D07751	0
0	0	0	0	06D07752	0
0	0	0	0	06D07753	0
0	0	0	0	06D07761	0
0	0	0	0	06D07762	0
0	0	0	0	06D07763	0
0	0	0	1	06D07764	0
0	0	0	0	06D07765	0
0	0	0	0	06D07766	0
0	0	0	0	06D07767	0
0	0	0	0	06D07768	0
0	0	0	0	06D07769	0
0	0	0	0	06D07770	0
0	0	0	1	06D07771	0
0	0	0	1	06D07772	0
0	0	0	0	06D07773	0
0	0	0	0	06D07774	0
0	0	0	0	06D07775	0
0	0	0	0	06D07779	0
0	0	0	0	06D07780	0
0	0	0	0	06D07781	0
0	0	0	NA	06D07782	0
0	0	0	0	06D07783	0
0	0	0	0	06D07784	0
0	0	0	0	06D07785	0
0	0	0	0	06D07786	0
0	0	0	0	06D07787	0
0	0	0	1	06D07788	0
0	0	0	0	06D07789	0
0	0	0	0	06D07790	0
0	0	0	0	06D07791	0
0	0	0	0	06D07792	0
0	0	0	0	06D07794	0
0	0	0	0	06D07795	0
0	0	0	0	06D07796	0
0	0	0	0	06D07797	0
0	0	0	0	06D07798	0
0	0	0	0	06D07799	0
0	0	0	0	06D07800	0
0	0	0	0	06D07803	0
0	0	0	0	06D07805	0
0	0	0	0	06D07806	0
0	0	0	0	06D07807	0
0	0	0	1	06D07808	0
0	0	0	0	06D07811	0
0	0	0	0	06D07812	0
0	0	0	0	06D07815	0
0	0	0	0	06D07816	0
0	0	0	0	06D07817	0
0	0	0	0	06D07818	0
0	0	0	0	06D07819	0
0	0	0	0	06D07820	0
0	0	0	0	06D07821	0
0	0	0	0	06D07822	0
0	0	0	NA	06D07827	0
0	0	0	0	06D07828	0
0	0	0	0	06D07829	0
0	0	0	0	06D07830	0
0	0	0	0	06D07831	0
0	0	0	0	06D07832	0
0	0	0	0	06D07839	0
0	0	0	0	06D07840	0
0	0	0	0	06D10287	0
0	0	0	0	06D10325	0
0	0	0	0	06D10339	0
0	0	0	0	06D10375	0
0	0	0	0	06D10409	0
0	0	0	0	06D10414	0
0	0	0	0	06D10418	0
0	0	0	1	06D10491	0
0	0	0	0	06D10493	0
0	0	0	0	06D10513	0
0	0	0	0	06D10523	0
0	0	0	0	06D10579	0
0	0	0	0	06D10798	0
0	0	0	1	06D10990	0
0	0	0	0	06D11002	0
0	0	0	1	06D11066	0
0	0	0	0	06D11177	0
0	0	0	1	06D11186	0
0	0	0	0	06D11226	0
0	0	0	0	06D11235	0
0	0	0	0	06D11237	0
0	0	0	0	06D11258	0
0	0	0	0	06D11263	0
0	0	0	0	06D11289	0
0	0	0	0	06D11291	0
0	0	0	0	06D11344	0
0	0	0	0	06D11352	0
0	0	0	0	06D11362	0
0	0	0	0	06D11371	0
0	0	0	0	06D11372	0
0	0	0	0	06D11389	0
0	0	0	0	06D11396	0
0	0	0	0	06D11399	0
0	0	0	1	06D11481	0
0	0	0	0	06D11582	0
0	0	0	0	06D11589	0
0	0	0	0	06D11592	0
0	0	0	0	06D11594	0
0	0	0	1	06D11595	0
0	0	0	0	06D11596	0
0	0	0	0	06D11637	0
0	0	0	0	06D11878	0
0	0	0	0	06D11914	0
0	0	0	0	06D11918	0
0	0	0	0	07D00001	0
0	0	0	1	07D00004	0
0	0	0	0	07D00008	0
0	0	0	0	07D00009	0
0	0	0	0	07D00012	0
0	0	0	0	07D00013	0
0	0	0	1	07D00016	0
0	0	0	0	07D00017	0
0	0	0	1	07D00027	0
0	0	0	0	07D00032	0
0	0	0	0	07D00035	0
0	0	0	0	07D00037	0
0	0	0	1	07D00038	0
0	0	0	0	07D00039	0
0	0	0	0	07D00044	0
0	0	0	0	07D00045	0
0	0	0	0	07D00046	0
0	0	0	0	07D00051	0
0	0	0	1	07D00052	0
0	0	0	0	07D00053	0
0	0	0	1	07D00054	0
0	0	0	0	07D00057	0
0	0	0	0	07D00059	0
0	0	0	1	07D00060	0
0	0	0	0	07D00063	0
0	0	0	0	07D00064	0
0	0	0	0	07D00065	0
0	0	0	1	07D00066	0
0	0	0	0	07D00069	0
0	0	0	0	07D00070	0
0	0	0	0	07D00073	0
0	0	0	0	07D00074	0
0	0	0	1	07D00076	0
0	0	0	0	07D00077	0
0	0	0	1	07D00078	0
0	0	0	0	07D00081	0
0	0	0	0	07D00082	0
0	0	0	0	07D00083	0
0	0	0	0	07D00084	0
0	0	0	0	07D00085	0
0	0	0	0	07D00086	0
0	0	0	0	07D00087	0
0	0	0	0	07D00088	0
0	0	0	1	07D00089	0
0	0	0	0	07D00090	0
0	0	0	0	07D00099	0
0	0	0	0	07D00100	0
0	0	0	0	07D00103	0
0	0	0	0	07D00104	0
0	0	0	0	07D00113	0
0	0	0	0	07D00115	0
0	0	0	0	07D00116	0
0	0	0	0	07D00119	0
0	0	0	1	07D00120	0
0	0	0	0	07D00121	0
0	0	0	0	07D00122	0
0	0	0	0	07D00123	0
0	0	0	0	07D00128	0
0	0	0	0	07D00134	0
0	0	0	0	07D00135	0
0	0	0	1	07D00137	0
0	0	0	1	07D00139	0
0	0	0	0	07D00145	0
0	0	0	0	07D00147	0
0	0	0	0	07D00148	0
0	0	0	0	07D00149	0
0	0	0	0	07D00150	0
0	0	0	1	07D00152	0
0	0	0	0	07D00154	0
0	0	0	1	07D00155	0
0	0	0	1	07D00156	0
0	0	0	0	07D00166	0
0	0	0	0	07D00169	0
0	0	0	0	07D00171	0
0	0	0	0	07D00172	0
0	0	0	0	07D00173	0
0	0	0	0	07D00176	0
0	0	0	0	07D00185	0
0	0	0	0	07D00189	0
0	0	0	0	07D00191	0
0	0	0	0	07D00205	0
0	0	0	0	07D00219	0
0	0	0	0	07D00220	0
0	0	0	0	07D00223	0
0	0	0	0	07D00224	0
0	0	0	1	07D00227	0
0	0	0	0	07D00228	0
0	0	0	0	07D00233	0
0	0	0	0	07D00244	0
0	0	0	0	07D00248	0
0	0	0	0	07D00249	0
0	0	0	0	07D00250	0
0	0	0	0	07D00251	0
0	0	0	0	07D00253	0
0	0	0	0	07D00254	0
0	0	0	1	07D00262	0
0	0	0	0	07D00263	0
0	0	0	0	07D00272	0
0	0	0	0	07D00273	0
0	0	0	0	07D00274	0
0	0	0	0	07D00291	0
0	0	0	0	07D00294	0
0	0	0	0	07D00315	0
0	0	0	0	07D00330	0
0	0	0	0	07D00336	0
0	0	0	0	07D00338	0
0	0	0	1	07D00339	0
0	0	0	1	07D00341	0
0	0	0	1	07D00342	0
0	0	0	1	07D00343	0
0	0	0	0	07D00349	0
0	0	0	0	07D00782	0
0	0	0	0	07D00784	0
0	0	0	0	07D00786	0
0	0	0	1	07D00789	0
0	0	0	0	07D00790	0
0	0	0	0	07D00791	0
0	0	0	0	07D00792	0
0	0	0	0	07D00795	0
0	0	0	0	07D00796	0
0	0	0	0	07D00799	0
0	0	0	1	07D00800	0
0	0	0	0	07D00801	0
0	0	0	1	07D00803	0
0	0	0	0	07D00804	0
0	0	0	0	07D00805	0
0	0	0	0	07D00806	0
0	0	0	0	07D00810	0
0	0	0	0	07D00811	0
0	0	0	1	07D00812	0
0	0	0	NA	07D00815	0
0	0	0	0	07D00816	0
0	0	0	1	07D00817	0
0	0	0	0	07D00818	0
0	0	0	0	07D00819	0
0	0	0	1	07D00820	0
0	0	0	0	07D00821	0
0	0	0	0	07D00824	0
0	0	0	0	07D00826	0
0	0	0	1	07D00827	0
0	0	0	0	07D00828	0
0	0	0	0	07D00829	0
0	0	0	0	07D00830	0
0	0	0	0	07D00833	0
0	0	0	1	07D00834	0
0	0	0	0	07D00835	0
0	0	0	0	07D00836	0
0	0	0	0	07D00837	0
0	0	0	0	07D00839	0
0	0	0	0	07D00840	0
0	0	0	0	07D00843	0
0	0	0	0	07D00846	0
0	0	0	0	07D00848	0
0	0	0	0	07D00849	0
0	0	0	NA	07D00851	0
0	0	0	0	07D00852	0
0	0	0	1	07D00855	0
0	0	0	0	07D00857	0
0	0	0	0	07D00858	0
0	0	0	0	07D00859	0
0	0	0	0	07D00860	0
0	0	0	0	07D00862	0
0	0	0	0	07D00864	0
0	0	0	0	07D00865	0
0	0	0	0	07D00866	0
0	0	0	0	07D00868	0
0	0	0	1	07D00870	0
0	0	0	0	07D00872	0
0	0	0	0	07D00873	0
0	0	0	0	07D00874	0
0	0	0	0	07D00875	0
0	0	0	0	07D00877	0
0	0	0	0	07D00878	0
0	0	0	2	07D00879	0
0	0	0	0	07D00881	0
0	0	0	0	07D00883	0
0	0	0	0	07D00886	0
0	0	0	0	07D00887	0
0	0	0	1	07D00888	0
0	0	0	0	07D00890	0
0	0	0	0	07D00891	0
0	0	0	0	07D00894	0
0	0	0	0	07D00895	0
0	0	0	0	07D00896	0
0	0	0	0	07D00897	0
0	0	0	0	07D00898	0
0	0	0	0	07D00899	0
0	0	0	0	07D00900	0
0	0	0	0	07D00901	0
0	0	0	0	07D00902	0
0	0	0	1	07D00903	0
0	0	0	1	07D00904	0
0	0	0	0	07D00905	0
0	0	0	0	07D00906	0
0	0	0	0	07D00907	0
0	0	0	0	07D00908	0
0	0	0	0	07D00910	0
0	0	0	1	07D00913	0
0	0	0	0	07D00914	0
0	0	0	0	07D00915	0
0	0	0	1	07D00918	0
0	0	0	0	07D00919	0
0	0	0	0	07D00920	0
0	0	0	0	07D00921	0
0	0	0	0	07D00922	0
0	0	0	0	07D00925	0
0	0	0	0	07D00926	0
0	0	0	0	07D00927	0
0	0	0	NA	07D00930	0
0	0	0	0	07D00931	0
0	0	0	1	07D00932	0
0	0	0	0	07D00935	0
0	0	0	0	07D00936	0
0	0	0	0	07D00937	0
0	0	0	0	07D00938	0
0	0	0	0	07D00939	0
0	0	0	0	07D00942	0
0	0	0	0	07D00943	0
0	0	0	0	07D00944	0
0	0	0	0	07D00945	0
0	0	0	0	07D00946	0
0	0	0	0	07D00948	0
0	0	0	1	07D00949	0
0	0	0	0	07D00950	0
0	0	0	0	07D00952	0
0	0	0	0	07D00953	0
0	0	0	0	07D00954	0
0	0	0	0	07D00955	0
0	0	0	0	07D00956	0
0	0	0	0	07D00957	0
0	0	0	0	07D00958	0
0	0	0	0	07D00959	0
0	0	0	0	07D00960	0
0	0	0	0	07D00962	0
0	0	0	0	07D00963	0
0	0	0	1	07D00964	0
0	0	0	0	07D00965	0
0	0	0	0	07D00967	0
0	0	0	0	07D00968	0
0	0	0	0	07D00969	0
0	0	0	0	07D00970	0
0	0	0	0	07D00971	0
0	0	0	0	07D00974	0
0	0	0	0	07D00975	0
0	0	0	1	07D00976	0
0	0	0	0	07D00977	0
0	0	0	1	07D00978	0
0	0	0	0	07D00981	0
0	0	0	0	07D00983	0
0	0	0	1	07D00984	0
0	0	0	0	07D00985	0
0	0	0	0	07D00986	0
0	0	0	0	07D00987	0
0	0	0	0	07D00988	0
0	0	0	0	07D00989	0
0	0	0	0	07D00990	0
0	0	0	0	07D00991	0
0	0	0	0	07D00992	0
0	0	0	0	07D00993	0
0	0	0	0	07D00994	0
0	0	0	0	07D00995	0
0	0	0	0	07D00996	0
0	0	0	0	07D00997	0
0	0	0	0	07D00998	0
0	0	0	0	07D00999	0
0	0	0	0	07D01001	0
0	0	0	1	07D01002	0
0	0	0	0	07D01003	0
0	0	0	0	07D01004	0
0	0	0	0	07D01005	0
0	0	0	0	07D01007	0
0	0	0	0	07D01008	0
0	0	0	0	07D01009	0
0	0	0	0	07D01010	0
0	0	0	0	07D01012	0
0	0	0	0	07D01013	0
0	0	0	0	07D01014	0
0	0	0	0	07D01015	0
0	0	0	0	07D01016	0
0	0	0	0	07D01017	0
0	0	0	0	07D01018	0
0	0	0	0	07D01019	0
0	0	0	0	07D01020	0
0	0	0	0	07D01021	0
0	0	0	0	07D01022	0
0	0	0	0	07D01023	0
0	0	0	0	07D01024	0
0	0	0	0	07D01025	0
0	0	0	0	07D01026	0
0	0	0	0	07D01027	0
0	0	0	0	07D01028	0
0	0	0	0	07D01029	0
0	0	0	0	07D01030	0
0	0	0	0	07D01033	0
0	0	0	0	07D01034	0
0	0	0	0	07D01035	0
0	0	0	0	07D01036	0
0	0	0	0	07D01037	0
0	0	0	0	07D01038	0
0	0	0	0	07D01039	0
0	0	0	0	07D01040	0
0	0	0	0	07D01041	0
0	0	0	0	07D01043	0
0	0	0	0	07D01044	0
0	0	0	0	07D01045	0
0	0	0	0	07D01046	0
0	0	0	0	07D01048	0
0	0	0	0	07D01049	0
0	0	0	0	07D01050	0
0	0	0	0	07D01051	0
0	0	0	0	07D01053	0
0	0	0	0	07D01054	0
0	0	0	0	07D01056	0
0	0	0	0	07D01058	0
0	0	0	0	07D01059	0
0	0	0	NA	07D01060	0
0	0	0	0	07D01062	0
0	0	0	0	07D01064	0
0	0	0	0	07D01068	0
0	0	0	0	07D01069	0
0	0	0	0	07D01070	0
0	0	0	0	07D01072	0
0	0	0	0	07D01073	0
0	0	0	1	07D01074	0
0	0	0	0	07D01075	0
0	0	0	0	07D01077	0
0	0	0	0	07D01078	0
0	0	0	0	07D01079	0
0	0	0	0	07D01081	0
0	0	0	0	07D01085	0
0	0	0	0	07D01087	0
0	0	0	1	07D01088	0
0	0	0	0	07D01090	0
0	0	0	0	07D01091	0
0	0	0	0	07D01092	0
0	0	0	0	07D01094	0
0	0	0	1	07D01095	0
0	0	0	0	07D01096	0
0	0	0	0	07D01098	0
0	0	0	0	07D01100	0
0	0	0	0	07D01102	0
0	0	0	0	07D01104	0
0	0	0	0	07D01105	0
0	0	0	1	07D01108	0
0	0	0	0	07D01110	0
0	0	0	0	07D01111	0
0	0	0	0	07D01112	0
0	0	0	0	07D01114	0
0	0	0	0	07D01115	0
0	0	0	0	07D01118	0
0	0	0	0	07D01119	0
0	0	0	0	07D01122	0
